1280
960
002F93BC 0 1 0 0
002F93E0 0 1 0 0
002F9404 0 1 0 0
002F9428 0 1 0 0
002F944C 0 1 0 0
002F9470 0 1 0 0
002F9494 0 1 0 0
002F94B8 0 1 0 0
002F94DC 0 1 0 0
002F9500 0 1 0 0
002F9524 0 1 0 0
002F9548 0 1 0 0
002F956C 0 1 0 0
002F9590 0 1 0 0
002F95B4 0 0 0 0
002F95D8 0 0 0 0
002F95FC 0 0 0 0
002F9620 0 0 0 0
002F9644 0 0 0 0
002F9668 0 0 0 0
002F968C 0 1 0 0
002F96B0 0 1 0 0
002F96D4 0 1 0 0
002F96F8 0 1 0 0
002F971C 0 1 0 0
002F9740 0 1 0 0
002F9764 0 1 0 0
002F9788 0 1 0 0
002F97AC 0 1 0 0
002F97D0 0 1 0 0
002F97F4 0 0 0 0
002F9818 0 0 0 0
002F983C 0 0 0 0
002F9860 0 0 0 0
002F9884 0 0 0 0
002F98A8 0 0 0 0
002F98CC 0 0 0 0
002F98F0 0 0 0 0
002F9914 0 0 0 0
002F9938 0 0 0 0
002F995C 0 0 0 0
002F9980 0 0 0 0
002F99A4 0 0 0 0
002F99C8 0 0 0 0
002F99EC 0 0 0 0
002F9A10 0 0 0 0
002F9A34 0 0 0 0
002F9A58 0 0 0 0
002F9A7C 0 0 0 0
002F9AA0 0 0 0 0
002F9AC4 0 0 0 0
002F9AE8 0 0 0 0
002F9B0C 0 0 0 0
002F9B30 0 0 0 0
002F9B54 0 0 0 0
002F9B78 0 0 0 0
002F9B9C 0 0 0 0
002F9BC0 0 0 0 0
002F9BE4 0 0 0 0
002F9C08 0 0 0 0
002F9CB4 0 1 0 0
002F9CD8 0 1 0 0
002F9CFC 0 1 0 0
002F9D20 0 1 0 0
002F9D44 0 1 0 0
002F9D68 0 1 0 0
002F9D8C 0 1 0 0
002F9DB0 0 1 0 0
002F9DD4 0 1 0 0
002F9DF8 0 1 0 0
002F9E1C 0 1 0 0
002F9E40 0 1 0 0
002F9E64 0 1 0 0
002F9E88 0 1 0 0
002F9EAC 0 0 0 0
002F9ED0 0 0 0 0
002F9EF4 0 0 0 0
002F9F18 0 0 0 0
002F9F3C 0 0 0 0
002F9F60 0 0 0 0
002F9F84 0 1 0 0
002F9FA8 0 1 0 0
002F9FCC 0 1 0 0
002F9FF0 0 1 0 0
002FA014 0 1 0 0
002FA038 0 1 0 0
002FA05C 0 1 0 0
002FA080 0 1 0 0
002FA0A4 0 1 0 0
002FA0C8 0 1 0 0
002FA0EC 0 0 0 0
002FA110 0 0 0 0
002FA134 0 0 0 0
002FA158 0 0 0 0
002FA17C 0 0 0 0
002FA1A0 0 0 0 0
002FA1C4 0 0 0 0
002FA1E8 0 0 0 0
002FA20C 0 0 0 0
002FA230 0 0 0 0
002FA254 0 0 0 0
002FA278 0 0 0 0
002FA29C 0 0 0 0
002FA2C0 0 0 0 0
002FA2E4 0 0 0 0
002FA308 0 1 0 0
002FA32C 0 1 0 0
002FA350 0 1 0 0
002FA374 0 1 0 0
002FA398 0 0 0 0
002FA3BC 0 0 0 0
002FA3E0 0 0 0 0
002FA404 0 0 0 0
002FA428 0 0 0 0
002FA44C 0 0 0 0
002FA470 0 0 0 0
002FA494 0 0 0 0
002FA4B8 0 0 0 0
002FA4DC 0 0 0 0
002FA500 0 0 0 0
002FA5AC 0 1 0 0
002FA5D0 0 1 0 0
002FA5F4 0 1 0 0
002FA618 0 1 0 0
002FA63C 0 1 0 0
002FA660 0 1 0 0
002FA684 0 1 0 0
002FA6A8 0 1 0 0
002FA6CC 0 1 0 0
002FA6F0 0 1 0 0
002FA714 0 1 0 0
002FA738 0 1 0 0
002FA75C 0 1 0 0
002FA780 0 1 0 0
002FA7A4 0 0 0 0
002FA7C8 0 0 0 0
002FA7EC 0 0 0 0
002FA810 0 0 0 0
002FA834 0 0 0 0
002FA858 0 0 0 0
002FA87C 0 1 0 0
002FA8A0 0 1 0 0
002FA8C4 0 1 0 0
002FA8E8 0 1 0 0
002FA90C 0 1 0 0
002FA930 0 1 0 0
002FA954 0 1 0 0
002FA978 0 1 0 0
002FA99C 0 1 0 0
002FA9C0 0 1 0 0
002FA9E4 0 0 0 0
002FAA08 0 0 0 0
002FAA2C 0 0 0 0
002FAA50 0 0 0 0
002FAA74 0 0 0 0
002FAA98 0 0 0 0
002FAABC 0 1 0 0
002FAAE0 0 0 0 0
002FAB04 0 0 0 0
002FAB28 0 0 0 0
002FAB4C 0 0 0 0
002FAB70 0 0 0 0
002FAB94 0 0 0 0
002FABB8 0 0 0 0
002FABDC 0 0 0 0
002FAC00 0 0 0 0
002FAC24 0 0 0 0
002FAC48 0 0 0 0
002FAC6C 0 0 0 0
002FAC90 0 1 0 0
002FACB4 0 0 0 0
002FACD8 0 0 0 0
002FACFC 0 0 0 0
002FAD20 0 0 0 0
002FAD44 0 0 0 0
002FAD68 0 0 0 0
002FAD8C 0 0 0 0
002FADB0 0 0 0 0
002FADD4 0 0 0 0
002FADF8 0 0 0 0
002FAEA4 0 1 0 0
002FAEC8 0 1 0 0
002FAEEC 0 1 0 0
002FAF10 0 1 0 0
002FAF34 0 1 0 0
002FAF58 0 1 0 0
002FAF7C 0 1 0 0
002FAFA0 0 1 0 0
002FAFC4 0 1 0 0
002FAFE8 0 1 0 0
002FB00C 0 1 0 0
002FB030 0 1 0 0
002FB054 0 1 0 0
002FB078 0 1 0 0
002FB09C 0 0 0 0
002FB0C0 0 0 0 0
002FB0E4 0 0 0 0
002FB108 0 0 0 0
002FB12C 0 0 0 0
002FB150 0 0 0 0
002FB174 0 1 0 0
002FB198 0 1 0 0
002FB1BC 0 1 0 0
002FB1E0 0 1 0 0
002FB204 0 1 0 0
002FB228 0 1 0 0
002FB24C 0 1 0 0
002FB270 0 1 0 0
002FB294 0 1 0 0
002FB2B8 0 1 0 0
002FB2DC 0 0 0 0
002FB300 0 0 0 0
002FB324 0 0 0 0
002FB348 0 0 0 0
002FB36C 0 0 0 0
002FB390 0 0 0 0
002FB3B4 0 0 0 0
002FB3D8 0 0 0 0
002FB3FC 0 0 0 0
002FB420 0 0 0 0
002FB444 0 0 0 0
002FB468 0 0 0 0
002FB48C 0 0 0 0
002FB4B0 0 0 0 0
002FB4D4 0 0 0 0
002FB4F8 0 0 0 0
002FB51C 0 0 0 0
002FB540 0 0 0 0
002FB564 0 0 0 0
002FB588 0 0 0 0
002FB5AC 0 0 0 0
002FB5D0 0 0 0 0
002FB5F4 0 0 0 0
002FB618 0 0 0 0
002FB63C 0 0 0 0
002FB660 0 0 0 0
002FB684 0 0 0 0
002FB6A8 0 0 0 0
002FB6CC 0 0 0 0
002FB6F0 0 0 0 0
002F84FC 0 1 0 0
002F8520 0 1 0 0
002F8544 0 1 0 0
002F8568 0 1 0 0
002F858C 0 1 0 0
002F85B0 0 1 0 0
002F85D4 0 1 0 0
002F85F8 0 1 0 0
002F861C 0 1 0 0
002F8640 0 1 0 0
002F8664 0 1 0 0
002F8688 0 1 0 0
002F86AC 0 1 0 0
002F86D0 0 1 0 0
002F86F4 0 0 0 0
002F8718 0 0 0 0
002F873C 0 0 0 0
002F8760 0 0 0 0
002F8784 0 0 0 0
002F87A8 0 0 0 0
002F87CC 0 1 0 0
002F87F0 0 1 0 0
002F8814 0 1 0 0
002F8838 0 1 0 0
002F885C 0 1 0 0
002F8880 0 1 0 0
002F88A4 0 1 0 0
002F88C8 0 1 0 0
002F88EC 0 1 0 0
002F8910 0 1 0 0
002F8934 0 1 0 0
002F8958 0 1 0 0
002F897C 0 1 0 0
002F89A0 0 1 0 0
002F89C4 0 1 0 0
002F89E8 0 0 0 0
002F8A0C 0 0 0 0
002F8A30 0 0 0 0
002F8A54 0 0 0 0
002F8A78 0 0 0 0
002F8A9C 0 0 0 0
002F8AC0 0 0 0 0
002F8AE4 0 0 0 0
002F8B08 0 0 0 0
002F8B2C 0 0 0 0
002F8B50 0 0 0 0
002F8B74 0 0 0 0
002F8B98 0 0 0 0
002F8BBC 0 0 0 0
002F8BE0 0 0 0 0
002F8C04 0 0 0 0
002F8C28 0 0 0 0
002F8C4C 0 0 0 0
002F8C70 0 0 0 0
002F8C94 0 1 0 0
002F8CB8 0 1 0 0
002F8CDC 0 1 0 0
002F8D00 0 1 0 0
002F8D24 0 1 0 0
002F8D48 0 0 0 0
002FC46C 0 1 0 0
002FC490 0 1 0 0
002FC4B4 0 1 0 0
002FC4D8 0 1 0 0
002FC4FC 0 1 0 0
002FC520 0 1 0 0
002FC544 0 1 0 0
002FC568 0 1 0 0
002FC58C 0 1 0 0
002FC5B0 0 1 0 0
002FC5D4 0 1 0 0
002FC5F8 0 1 0 0
002FC61C 0 1 0 0
002FC640 0 1 0 0
002FC664 0 0 0 0
002FC688 0 0 0 0
002FC6AC 0 0 0 0
002FC6D0 0 0 0 0
002FC6F4 0 0 0 0
002FC718 0 0 0 0
002FC73C 0 1 0 0
002FC760 0 1 0 0
002FC784 0 1 0 0
002FC7A8 0 1 0 0
002FC7CC 0 1 0 0
002FC7F0 0 1 0 0
002FC814 0 1 0 0
002FC838 0 1 0 0
002FC85C 0 1 0 0
002FC880 0 1 0 0
002FC8A4 0 1 0 0
002FC8C8 0 1 0 0
002FC8EC 0 1 0 0
002FC910 0 1 0 0
002FC934 0 1 0 0
002FC958 0 0 0 0
002FC97C 0 0 0 0
002FC9A0 0 0 0 0
002FC9C4 0 0 0 0
002FC9E8 0 0 0 0
002FCA0C 0 0 0 0
002FCA30 0 0 0 0
002FCA54 0 0 0 0
002FCA78 0 0 0 0
002FCA9C 0 0 0 0
002FCAC0 0 0 0 0
002FCAE4 0 0 0 0
002FCB08 0 1 0 0
002FCB2C 0 1 0 0
002FCB50 0 0 0 0
002FCB74 0 0 0 0
002FCB98 0 0 0 0
002FCBBC 0 0 0 0
002FCBE0 0 0 0 0
002FCC04 0 0 0 0
002FCC28 0 0 0 0
002FCC4C 0 0 0 0
002FCC70 0 0 0 0
002FCC94 0 0 0 0
002FCCB8 0 0 0 0
002FCE0C 0 1 0 0
002FCE30 0 1 0 0
002FCE54 0 1 0 0
002FCE78 0 1 0 0
002FCE9C 0 1 0 0
002FCEC0 0 1 0 0
002FCEE4 0 1 0 0
002FCF08 0 1 0 0
002FCF2C 0 1 0 0
002FCF50 0 1 0 0
002FCF74 0 1 0 0
002FCF98 0 1 0 0
002FCFBC 0 1 0 0
002FCFE0 0 1 0 0
002FD004 0 0 0 0
002FD028 0 0 0 0
002FD04C 0 0 0 0
002FD070 0 0 0 0
002FD094 0 0 0 0
002FD0B8 0 0 0 0
002FD0DC 0 1 0 0
002FD100 0 1 0 0
002FD124 0 1 0 0
002FD148 0 1 0 0
002FD16C 0 1 0 0
002FD190 0 1 0 0
002FD1B4 0 1 0 0
002FD1D8 0 1 0 0
002FD1FC 0 1 0 0
002FD220 0 1 0 0
002FD244 0 1 0 0
002FD268 0 0 0 0
002FD28C 0 0 0 0
002FD2B0 0 0 0 0
002FD2D4 0 0 0 0
002FD2F8 0 0 0 0
002FD31C 0 0 0 0
002FD340 0 0 0 0
002FD364 0 0 0 0
002FD388 0 0 0 0
002FD3AC 0 0 0 0
002FD3D0 0 0 0 0
002FD3F4 0 0 0 0
002FD418 0 0 0 0
002FD43C 0 0 0 0
002FD460 0 0 0 0
002FD484 0 0 0 0
002FD4A8 0 0 0 0
002FD4CC 0 0 0 0
002FD4F0 0 1 0 0
002FD514 0 0 0 0
002FD538 0 0 0 0
002FD55C 0 0 0 0
002FD580 0 0 0 0
002FD5A4 0 0 0 0
002FD5C8 0 0 0 0
002FD5EC 0 0 0 0
002FD610 0 0 0 0
002FD634 0 0 0 0
002FD658 0 0 0 0
002FD704 0 1 0 0
002FD728 0 1 0 0
002FD74C 0 1 0 0
002FD770 0 1 0 0
002FD794 0 1 0 0
002FD7B8 0 1 0 0
002FD7DC 0 1 0 0
002FD800 0 1 0 0
002FD824 0 1 0 0
002FD848 0 1 0 0
002FD86C 0 1 0 0
002FD890 0 1 0 0
002FD8B4 0 1 0 0
002FD8D8 0 1 0 0
002FD8FC 0 0 0 0
002FD920 0 0 0 0
002FD944 0 0 0 0
002FD968 0 0 0 0
002FD98C 0 0 0 0
002FD9B0 0 0 0 0
002FD9D4 0 1 0 0
002FD9F8 0 1 0 0
002FDA1C 0 1 0 0
002FDA40 0 1 0 0
002FDA64 0 1 0 0
002FDA88 0 1 0 0
002FDAAC 0 1 0 0
002FDAD0 0 1 0 0
002FDAF4 0 1 0 0
002FDB18 0 1 0 0
002FDB3C 0 0 0 0
002FDB60 0 0 0 0
002FDB84 0 0 0 0
002FDBA8 0 0 0 0
002FDBCC 0 0 0 0
002FDBF0 0 0 0 0
002FDC14 0 0 0 0
002FDC38 0 0 0 0
002FDC5C 0 0 0 0
002FDC80 0 0 0 0
002FDCA4 0 1 0 0
002FDCC8 0 1 0 0
002FDCEC 0 1 0 0
002FDD10 0 0 0 0
002FDD34 0 0 0 0
002FDD58 0 1 0 0
002FDD7C 0 1 0 0
002FDDA0 0 0 0 0
002FDDC4 0 0 0 0
002FDDE8 0 0 0 0
002FDE0C 0 0 0 0
002FDE30 0 0 0 0
002FDE54 0 0 0 0
002FDE78 0 0 0 0
002FDE9C 0 0 0 0
002FDEC0 0 0 0 0
002FDEE4 0 0 0 0
002FDF08 0 0 0 0
002FDF2C 0 0 0 0
002FDF50 0 0 0 0
002FE004 0 1 0 0
002FE028 0 1 0 0
002FE04C 0 1 0 0
002FE070 0 1 0 0
002FE094 0 1 0 0
002FE0B8 0 1 0 0
002FE0DC 0 1 0 0
002FE100 0 1 0 0
002FE124 0 1 0 0
002FE148 0 1 0 0
002FE16C 0 1 0 0
002FE190 0 1 0 0
002FE1B4 0 1 0 0
002FE1D8 0 1 0 0
002FE1FC 0 0 0 0
002FE220 0 0 0 0
002FE244 0 0 0 0
002FE268 0 0 0 0
002FE28C 0 0 0 0
002FE2B0 0 0 0 0
002FE2D4 0 0 0 0
002FE2F8 0 0 0 0
002FE31C 0 0 0 0
002FE340 0 0 0 0
002FE364 0 0 0 0
002FE388 0 0 0 0
002FE3AC 0 0 0 0
002FE3D0 0 1 0 0
002FE3F4 0 1 0 0
002FE418 0 1 0 0
002FE43C 0 0 0 0
002FE460 0 0 0 0
002FE484 0 0 0 0
002FE4A8 0 0 0 0
002FE4CC 0 0 0 0
002FE4F0 0 0 0 0
002FE514 0 0 0 0
002FE538 0 0 0 0
002FE55C 0 0 0 0
002FE580 0 0 0 0
002FE5A4 0 0 0 0
002FE5C8 0 1 0 0
002FE5EC 0 1 0 0
002FE610 0 0 0 0
002FE634 0 0 0 0
002FE658 0 1 0 0
002FE67C 0 1 0 0
002FE6A0 0 0 0 0
002FE6C4 0 0 0 0
002FE6E8 0 0 0 0
002FE70C 0 0 0 0
002FE730 0 0 0 0
002FE754 0 0 0 0
002FE778 0 0 0 0
002FE79C 0 0 0 0
002FE7C0 0 0 0 0
002FE7E4 0 0 0 0
002FE808 0 0 0 0
002FE82C 0 0 0 0
002FE850 0 0 0 0
002FE8FC 0 1 0 0
002FE920 0 1 0 0
002FE944 0 1 0 0
002FE968 0 1 0 0
002FE98C 0 1 0 0
002FE9B0 0 1 0 0
002FE9D4 0 1 0 0
002FE9F8 0 1 0 0
002FEA1C 0 1 0 0
002FEA40 0 1 0 0
002FEA64 0 1 0 0
002FEA88 0 1 0 0
002FEAAC 0 1 0 0
002FEAD0 0 1 0 0
002FEAF4 0 0 0 0
002FEB18 0 0 0 0
002FEB3C 0 0 0 0
002FEB60 0 0 0 0
002FEB84 0 0 0 0
002FEBA8 0 0 0 0
002FEBCC 0 0 0 0
002FEBF0 0 0 0 0
002FEC14 0 0 0 0
002FEC38 0 0 0 0
002FEC5C 0 0 0 0
002FEC80 0 0 0 0
002FECA4 0 0 0 0
002FECC8 0 1 0 0
002FECEC 0 1 0 0
002FED10 0 1 0 0
002FED34 0 1 0 0
002FED58 0 1 0 0
002FED7C 0 1 0 0
002FEDA0 0 1 0 0
002FEDC4 0 1 0 0
002FEDE8 0 1 0 0
002FEE0C 0 0 0 0
002FEE30 0 0 0 0
002FEE54 0 0 0 0
002FEE78 0 0 0 0
002FEE9C 0 0 0 0
002FEEC0 0 0 0 0
002FEEE4 0 0 0 0
002FEF08 0 0 0 0
002FEF2C 0 0 0 0
002FEF50 0 0 0 0
002FEF74 0 0 0 0
002FEF98 0 0 0 0
002FEFBC 0 0 0 0
002FEFE0 0 0 0 0
002FF004 0 0 0 0
002FF028 0 0 0 0
002FF04C 0 0 0 0
002FF070 0 0 0 0
002FF094 0 0 0 0
002FF0B8 0 0 0 0
002FF0DC 0 1 0 0
002FF100 0 1 0 0
002FF124 0 1 0 0
002FF148 0 1 0 0
002FF1F4 0 1 0 0
002FF218 0 1 0 0
002FF23C 0 1 0 0
002FF260 0 1 0 0
002FF284 0 1 0 0
002FF2A8 0 1 0 0
002FF2CC 0 1 0 0
002FF2F0 0 1 0 0
002FF314 0 1 0 0
002FF338 0 1 0 0
002FF35C 0 1 0 0
002FF380 0 1 0 0
002FF3A4 0 1 0 0
002FF3C8 0 1 0 0
002FF3EC 0 0 0 0
002FF410 0 0 0 0
002FF434 0 0 0 0
002FF458 0 0 0 0
002FF47C 0 0 0 0
002FF4A0 0 0 0 0
002FF4C4 0 0 0 0
002FF4E8 0 0 0 0
002FF50C 0 0 0 0
002FF530 0 0 0 0
002FF554 0 0 0 0
002FF578 0 0 0 0
002FF59C 0 0 0 0
002FF5C0 0 1 0 0
002FF5E4 0 1 0 0
002FF608 0 1 0 0
002FF62C 0 1 0 0
002FF650 0 1 0 0
002FF674 0 1 0 0
002FF698 0 1 0 0
002FF6BC 0 1 0 0
002FF6E0 0 1 0 0
002FF704 0 0 0 0
002FF728 0 0 0 0
002FF74C 0 0 0 0
002FF770 0 0 0 0
002FF794 0 0 0 0
002FF7B8 0 0 0 0
002FF7DC 0 0 0 0
002FF800 0 0 0 0
002FF824 0 0 0 0
002FF848 0 0 0 0
002FF86C 0 0 0 0
002FF890 0 0 0 0
002FF8B4 0 0 0 0
002FF8D8 0 0 0 0
002FF8FC 0 0 0 0
002FF920 0 0 0 0
002FF944 0 0 0 0
002FF968 0 0 0 0
002FF98C 0 0 0 0
002FF9B0 0 0 0 0
002FF9D4 0 1 0 0
002FF9F8 0 1 0 0
002FFA1C 0 1 0 0
002FFA40 0 1 0 0
04C30064 0 1 0 0
04C30088 0 1 0 0
04C300AC 0 1 0 0
04C300D0 0 1 0 0
04C300F4 0 1 0 0
04C30118 0 1 0 0
04C3013C 0 1 0 0
04C30160 0 1 0 0
04C30184 0 1 0 0
04C301A8 0 1 0 0
04C301CC 0 1 0 0
04C301F0 0 1 0 0
04C30214 0 1 0 0
04C30238 0 1 0 0
04C3025C 0 0 0 0
04C30280 0 0 0 0
04C302A4 0 0 0 0
04C302C8 0 0 0 0
04C302EC 0 0 0 0
04C30310 0 0 0 0
04C30334 0 0 0 0
04C30358 0 0 0 0
04C3037C 0 0 0 0
04C303A0 0 0 0 0
04C303C4 0 0 0 0
04C303E8 0 0 0 0
04C3040C 0 0 0 0
04C30430 0 1 0 0
04C30454 0 1 0 0
04C30478 0 1 0 0
04C3049C 0 0 0 0
04C304C0 0 0 0 0
04C304E4 0 0 0 0
04C30508 0 0 0 0
04C3052C 0 0 0 0
04C30550 0 0 0 0
04C30574 0 1 0 0
04C30598 0 1 0 0
04C305BC 0 0 0 0
04C305E0 0 0 0 0
04C30604 0 0 0 0
04C30628 0 0 0 0
04C3064C 0 0 0 0
04C30670 0 1 0 0
04C30694 0 1 0 0
04C306B8 0 0 0 0
04C306DC 0 0 0 0
04C30700 0 0 0 0
04C30724 0 0 0 0
04C30748 0 0 0 0
04C3076C 0 0 0 0
04C30790 0 0 0 0
04C307B4 0 0 0 0
04C307D8 0 1 0 0
04C307FC 0 0 0 0
04C30820 0 0 0 0
04C30844 0 0 0 0
04C30868 0 0 0 0
04C3088C 0 0 0 0
04C308B0 0 0 0 0
04C3095C 0 1 0 0
04C30980 0 1 0 0
04C309A4 0 1 0 0
04C309C8 0 1 0 0
04C309EC 0 1 0 0
04C30A10 0 1 0 0
04C30A34 0 1 0 0
04C30A58 0 1 0 0
04C30A7C 0 1 0 0
04C30AA0 0 1 0 0
04C30AC4 0 1 0 0
04C30AE8 0 1 0 0
04C30B0C 0 1 0 0
04C30B30 0 1 0 0
04C30B54 0 0 0 0
04C30B78 0 0 0 0
04C30B9C 0 0 0 0
04C30BC0 0 0 0 0
04C30BE4 0 0 0 0
04C30C08 0 0 0 0
04C30C2C 0 0 0 0
04C30C50 0 0 0 0
04C30C74 0 0 0 0
04C30C98 0 0 0 0
04C30CBC 0 0 0 0
04C30CE0 0 0 0 0
04C30D04 0 0 0 0
04C30D28 0 1 0 0
04C30D4C 0 1 0 0
04C30D70 0 1 0 0
04C30D94 0 0 0 0
04C30DB8 0 0 0 0
04C30DDC 0 0 0 0
04C30E00 0 0 0 0
04C30E24 0 0 0 0
04C30E48 0 0 0 0
04C30E6C 0 1 0 0
04C30E90 0 0 0 0
04C30EB4 0 0 0 0
04C30ED8 0 0 0 0
04C30EFC 0 0 0 0
04C30F20 0 0 0 0
04C30F44 0 0 0 0
04C30F68 0 1 0 0
04C30F8C 0 1 0 0
04C30FB0 0 0 0 0
04C30FD4 0 0 0 0
04C30FF8 0 0 0 0
04C3101C 0 0 0 0
04C31040 0 0 0 0
04C31064 0 0 0 0
04C31088 0 0 0 0
04C310AC 0 0 0 0
04C310D0 0 0 0 0
04C310F4 0 1 0 0
04C31118 0 0 0 0
04C3113C 0 0 0 0
04C31160 0 0 0 0
04C31184 0 0 0 0
04C311A8 0 0 0 0
04C31254 0 1 0 0
04C31278 0 1 0 0
04C3129C 0 1 0 0
04C312C0 0 1 0 0
04C312E4 0 1 0 0
04C31308 0 1 0 0
04C3132C 0 1 0 0
04C31350 0 1 0 0
04C31374 0 1 0 0
04C31398 0 1 0 0
04C313BC 0 1 0 0
04C313E0 0 1 0 0
04C31404 0 1 0 0
04C31428 0 1 0 0
04C3144C 0 0 0 0
04C31470 0 0 0 0
04C31494 0 0 0 0
04C314B8 0 0 0 0
04C314DC 0 0 0 0
04C31500 0 0 0 0
04C31524 0 0 0 0
04C31548 0 0 0 0
04C3156C 0 0 0 0
04C31590 0 0 0 0
04C315B4 0 0 0 0
04C315D8 0 0 0 0
04C315FC 0 0 0 0
04C31620 0 1 0 0
04C31644 0 1 0 0
04C31668 0 1 0 0
04C3168C 0 0 0 0
04C316B0 0 0 0 0
04C316D4 0 0 0 0
04C316F8 0 0 0 0
04C3171C 0 0 0 0
04C31740 0 0 0 0
04C31764 0 0 0 0
04C31788 0 0 0 0
04C317AC 0 0 0 0
04C317D0 0 0 0 0
04C317F4 0 0 0 0
04C31818 0 0 0 0
04C3183C 0 0 0 0
04C31860 0 0 0 0
04C31884 0 0 0 0
04C318A8 0 0 0 0
04C318CC 0 0 0 0
04C318F0 0 0 0 0
04C31914 0 0 0 0
04C31938 0 0 0 0
04C3195C 0 0 0 0
04C31980 0 0 0 0
04C319A4 0 0 0 0
04C319C8 0 0 0 0
04C319EC 0 1 0 0
04C31A10 0 1 0 0
04C31A34 0 0 0 0
04C31A58 0 0 0 0
04C31A7C 0 0 0 0
04C31AA0 0 0 0 0
04C31B4C 0 1 0 0
04C31B70 0 1 0 0
04C31B94 0 1 0 0
04C31BB8 0 1 0 0
04C31BDC 0 1 0 0
04C31C00 0 1 0 0
04C31C24 0 1 0 0
04C31C48 0 1 0 0
04C31C6C 0 1 0 0
04C31C90 0 1 0 0
04C31CB4 0 1 0 0
04C31CD8 0 1 0 0
04C31CFC 0 1 0 0
04C31D20 0 1 0 0
04C31D44 0 0 0 0
04C31D68 0 0 0 0
04C31D8C 0 0 0 0
04C31DB0 0 0 0 0
04C31DD4 0 0 0 0
04C31DF8 0 0 0 0
04C31E1C 0 0 0 0
04C31E40 0 0 0 0
04C31E64 0 0 0 0
04C31E88 0 0 0 0
04C31EAC 0 0 0 0
04C31ED0 0 0 0 0
04C31EF4 0 0 0 0
04C31F18 0 1 0 0
04C31F3C 0 1 0 0
04C31F60 0 1 0 0
04C31F84 0 0 0 0
04C31FA8 0 0 0 0
04C31FCC 0 0 0 0
04C31FF0 0 0 0 0
04C32014 0 0 0 0
04C32038 0 0 0 0
04C3205C 0 0 0 0
04C32080 0 0 0 0
04C320A4 0 0 0 0
04C320C8 0 0 0 0
04C320EC 0 0 0 0
04C32110 0 0 0 0
04C32134 0 0 0 0
04C32158 0 0 0 0
04C3217C 0 0 0 0
04C321A0 0 0 0 0
04C321C4 0 0 0 0
04C321E8 0 0 0 0
04C3220C 0 0 0 0
04C32230 0 0 0 0
04C32254 0 0 0 0
04C32278 0 0 0 0
04C3229C 0 0 0 0
04C322C0 0 0 0 0
04C322E4 0 0 0 0
04C32308 0 0 0 0
04C3232C 0 0 0 0
04C32350 0 0 0 0
04C32374 0 0 0 0
04C32398 0 0 0 0
002FB79C 0 1 0 0
002FB7C0 0 1 0 0
002FB7E4 0 1 0 0
002FB808 0 1 0 0
002FB82C 0 1 0 0
002FB850 0 1 0 0
002FB874 0 1 0 0
002FB898 0 1 0 0
002FB8BC 0 1 0 0
002FB8E0 0 1 0 0
002FB904 0 1 0 0
002FB928 0 1 0 0
002FB94C 0 1 0 0
002FB970 0 1 0 0
002FB994 0 0 0 0
002FB9B8 0 0 0 0
002FB9DC 0 0 0 0
002FBA00 0 0 0 0
002FBA24 0 0 0 0
002FBA48 0 0 0 0
002FBA6C 0 0 0 0
002FBA90 0 0 0 0
002FBAB4 0 0 0 0
002FBAD8 0 0 0 0
002FBAFC 0 0 0 0
002FBB20 0 0 0 0
002FBB44 0 0 0 0
002FBB68 0 1 0 0
002FBB8C 0 1 0 0
002FBBB0 0 1 0 0
002FBBD4 0 0 0 0
002FBBF8 0 0 0 0
002FBC1C 0 0 0 0
002FBC40 0 0 0 0
002FBC64 0 0 0 0
002FBC88 0 0 0 0
002FBCAC 0 0 0 0
002FBCD0 0 0 0 0
002FBCF4 0 0 0 0
002FBD18 0 0 0 0
002FBD3C 0 0 0 0
002FBD60 0 0 0 0
002FBD84 0 0 0 0
002FBDA8 0 0 0 0
002FBDCC 0 0 0 0
002FBDF0 0 0 0 0
002FBE14 0 0 0 0
002FBE38 0 0 0 0
002FBE5C 0 0 0 0
002FBE80 0 0 0 0
002FBEA4 0 0 0 0
002FBEC8 0 0 0 0
002FBEEC 0 0 0 0
002FBF10 0 0 0 0
002FBF34 0 0 0 0
002FBF58 0 0 0 0
002FBF7C 0 0 0 0
002FBFA0 0 0 0 0
002FBFC4 0 0 0 0
002FBFE8 0 0 0 0
04C32A44 0 1 0 0
04C32A68 0 1 0 0
04C32A8C 0 1 0 0
04C32AB0 0 1 0 0
04C32AD4 0 1 0 0
04C32AF8 0 1 0 0
04C32B1C 0 1 0 0
04C32B40 0 1 0 0
04C32B64 0 1 0 0
04C32B88 0 1 0 0
04C32BAC 0 1 0 0
04C32BD0 0 1 0 0
04C32BF4 0 1 0 0
04C32C18 0 1 0 0
04C32C3C 0 0 0 0
04C32C60 0 0 0 0
04C32C84 0 0 0 0
04C32CA8 0 0 0 0
04C32CCC 0 0 0 0
04C32CF0 0 0 0 0
04C32D14 0 0 0 0
04C32D38 0 0 0 0
04C32D5C 0 0 0 0
04C32D80 0 0 0 0
04C32DA4 0 0 0 0
04C32DC8 0 0 0 0
04C32DEC 0 0 0 0
04C32E10 0 1 0 0
04C32E34 0 1 0 0
04C32E58 0 1 0 0
04C32E7C 0 0 0 0
04C32EA0 0 0 0 0
04C32EC4 0 0 0 0
04C32EE8 0 0 0 0
04C32F0C 0 0 0 0
04C32F30 0 0 0 0
04C32F54 0 0 0 0
04C32F78 0 0 0 0
04C32F9C 0 0 0 0
04C32FC0 0 0 0 0
04C32FE4 0 0 0 0
04C33008 0 0 0 0
04C3302C 0 0 0 0
04C33050 0 0 0 0
04C33074 0 0 0 0
04C33098 0 0 0 0
04C330BC 0 0 0 0
04C330E0 0 0 0 0
04C33104 0 0 0 0
04C33128 0 0 0 0
04C3314C 0 0 0 0
04C33170 0 0 0 0
04C33194 0 0 0 0
04C331B8 0 0 0 0
04C331DC 0 0 0 0
04C33200 0 0 0 0
04C33224 0 0 0 0
04C33248 0 0 0 0
04C3326C 0 0 0 0
04C33290 0 0 0 0
04C3333C 0 1 0 0
04C33360 0 1 0 0
04C33384 0 1 0 0
04C333A8 0 1 0 0
04C333CC 0 1 0 0
04C333F0 0 1 0 0
04C33414 0 1 0 0
04C33438 0 1 0 0
04C3345C 0 1 0 0
04C33480 0 1 0 0
04C334A4 0 1 0 0
04C334C8 0 1 0 0
04C334EC 0 1 0 0
04C33510 0 1 0 0
04C33534 0 0 0 0
04C33558 0 0 0 0
04C3357C 0 0 0 0
04C335A0 0 0 0 0
04C335C4 0 0 0 0
04C335E8 0 0 0 0
04C3360C 0 0 0 0
04C33630 0 0 0 0
04C33654 0 0 0 0
04C33678 0 0 0 0
04C3369C 0 0 0 0
04C336C0 0 0 0 0
04C336E4 0 0 0 0
04C33708 0 1 0 0
04C3372C 0 1 0 0
04C33750 0 1 0 0
04C33774 0 1 0 0
04C33798 0 1 0 0
04C337BC 0 1 0 0
04C337E0 0 1 0 0
04C33804 0 0 0 0
04C33828 0 0 0 0
04C3384C 0 0 0 0
04C33870 0 0 0 0
04C33894 0 0 0 0
04C338B8 0 1 0 0
04C338DC 0 1 0 0
04C33900 0 0 0 0
04C33924 0 0 0 0
04C33948 0 1 0 0
04C3396C 0 1 0 0
04C33990 0 0 0 0
04C339B4 0 0 0 0
04C339D8 0 1 0 0
04C339FC 0 1 0 0
04C33A20 0 0 0 0
04C33A44 0 0 0 0
04C33A68 0 0 0 0
04C33A8C 0 0 0 0
04C33AB0 0 0 0 0
04C33AD4 0 0 0 0
04C33AF8 0 0 0 0
04C33B1C 0 1 0 0
04C33B40 0 1 0 0
04C33B64 0 1 0 0
04C33B88 0 1 0 0
04C33C34 0 1 0 0
04C33C58 0 1 0 0
04C33C7C 0 1 0 0
04C33CA0 0 1 0 0
04C33CC4 0 1 0 0
04C33CE8 0 1 0 0
04C33D0C 0 1 0 0
04C33D30 0 1 0 0
04C33D54 0 1 0 0
04C33D78 0 1 0 0
04C33D9C 0 1 0 0
04C33DC0 0 1 0 0
04C33DE4 0 1 0 0
04C33E08 0 1 0 0
04C33E2C 0 0 0 0
04C33E50 0 0 0 0
04C33E74 0 0 0 0
04C33E98 0 0 0 0
04C33EBC 0 0 0 0
04C33EE0 0 0 0 0
04C33F04 0 0 0 0
04C33F28 0 0 0 0
04C33F4C 0 0 0 0
04C33F70 0 0 0 0
04C33F94 0 0 0 0
04C33FB8 0 0 0 0
04C33FDC 0 0 0 0
04C34000 0 1 0 0
04C34024 0 1 0 0
04C34048 0 1 0 0
04C3406C 0 1 0 0
04C34090 0 1 0 0
04C340B4 0 1 0 0
04C340D8 0 1 0 0
04C340FC 0 0 0 0
04C34120 0 0 0 0
04C34144 0 0 0 0
04C34168 0 0 0 0
04C3418C 0 0 0 0
04C341B0 0 1 0 0
04C341D4 0 1 0 0
04C341F8 0 0 0 0
04C3421C 0 0 0 0
04C34240 0 1 0 0
04C34264 0 1 0 0
04C34288 0 0 0 0
04C342AC 0 0 0 0
04C342D0 0 1 0 0
04C342F4 0 1 0 0
04C34318 0 0 0 0
04C3433C 0 0 0 0
04C34360 0 0 0 0
04C34384 0 0 0 0
04C343A8 0 0 0 0
04C343CC 0 0 0 0
04C343F0 0 0 0 0
04C34414 0 1 0 0
04C34438 0 1 0 0
04C3445C 0 1 0 0
04C34480 0 1 0 0
04C34B2C 0 0 0 0
04C34B50 0 0 0 0
04C34B74 0 0 0 0
04C34B98 0 0 0 0
04C34BBC 0 0 0 0
04C34BE0 0 0 0 0
04C34C04 0 0 0 0
04C34C28 0 0 0 0
04C34C4C 0 0 0 0
04C34C70 0 0 0 0
04C34C94 0 0 0 0
04C34CB8 0 0 0 0
04C34CDC 0 0 0 0
04C34D00 0 0 0 0
04C34D24 0 0 0 0
04C34D48 0 0 0 0
04C34D6C 0 0 0 0
04C34D90 0 0 0 0
04C34DB4 0 0 0 0
04C34DD8 0 0 0 0
04C34DFC 0 0 0 0
04C34E20 0 0 0 0
04C34E44 0 0 0 0
04C34E68 0 0 0 0
04C34E8C 0 0 0 0
04C34EB0 0 0 0 0
04C34ED4 0 0 0 0
04C34EF8 0 1 0 0
04C34F1C 0 1 0 0
04C34F40 0 1 0 0
04C34F64 0 0 0 0
04C34F88 0 0 0 0
04C34FAC 0 0 0 0
04C34FD0 0 0 0 0
04C34FF4 0 0 0 0
04C35018 0 0 0 0
04C3503C 0 0 0 0
04C35060 0 0 0 0
04C35084 0 0 0 0
04C350A8 0 0 0 0
04C350CC 0 0 0 0
04C350F0 0 0 0 0
04C35114 0 0 0 0
04C35138 0 0 0 0
04C3515C 0 0 0 0
04C35180 0 0 0 0
04C351A4 0 0 0 0
04C351C8 0 0 0 0
04C351EC 0 0 0 0
04C35210 0 0 0 0
04C35234 0 0 0 0
04C35258 0 0 0 0
04C3527C 0 0 0 0
04C352A0 0 0 0 0
04C352C4 0 0 0 0
04C352E8 0 0 0 0
04C3530C 0 0 0 0
04C35330 0 0 0 0
04C35354 0 0 0 0
04C35378 0 0 0 0
04C35424 0 0 0 0
04C35448 0 0 0 0
04C3546C 0 0 0 0
04C35490 0 0 0 0
04C354B4 0 0 0 0
04C354D8 0 0 0 0
04C354FC 0 0 0 0
04C35520 0 0 0 0
04C35544 0 0 0 0
04C35568 0 0 0 0
04C3558C 0 0 0 0
04C355B0 0 0 0 0
04C355D4 0 0 0 0
04C355F8 0 0 0 0
04C3561C 0 0 0 0
04C35640 0 0 0 0
04C35664 0 0 0 0
04C35688 0 0 0 0
04C356AC 0 0 0 0
04C356D0 0 0 0 0
04C356F4 0 0 0 0
04C35718 0 0 0 0
04C3573C 0 0 0 0
04C35760 0 0 0 0
04C35784 0 0 0 0
04C357A8 0 0 0 0
04C357CC 0 0 0 0
04C357F0 0 0 0 0
04C35814 0 0 0 0
04C35838 0 0 0 0
04C3585C 0 0 0 0
04C35880 0 0 0 0
04C358A4 0 0 0 0
04C358C8 0 0 0 0
04C358EC 0 0 0 0
04C35910 0 0 0 0
04C35934 0 0 0 0
04C35958 0 0 0 0
04C3597C 0 0 0 0
04C359A0 0 0 0 0
04C359C4 0 0 0 0
04C359E8 0 0 0 0
04C35A0C 0 0 0 0
04C35A30 0 0 0 0
04C35A54 0 0 0 0
04C35A78 0 0 0 0
04C35A9C 0 0 0 0
04C35AC0 0 0 0 0
04C35AE4 0 0 0 0
04C35B08 0 0 0 0
04C35B2C 0 0 0 0
04C35B50 0 0 0 0
04C35B74 0 0 0 0
04C35B98 0 0 0 0
04C35BBC 0 0 0 0
04C35BE0 0 0 0 0
04C35C04 0 0 0 0
04C35C28 0 0 0 0
04C35C4C 0 0 0 0
04C35C70 0 0 0 0
04C35D1C 0 0 0 0
04C35D40 0 0 0 0
04C35D64 0 0 0 0
04C35D88 0 0 0 0
04C35DAC 0 0 0 0
04C35DD0 0 0 0 0
04C35DF4 0 0 0 0
04C35E18 0 0 0 0
04C35E3C 0 0 0 0
04C35E60 0 0 0 0
04C35E84 0 0 0 0
04C35EA8 0 0 0 0
04C35ECC 0 0 0 0
04C35EF0 0 0 0 0
04C35F14 0 0 0 0
04C35F38 0 0 0 0
04C35F5C 0 0 0 0
04C35F80 0 0 0 0
04C35FA4 0 0 0 0
04C35FC8 0 0 0 0
04C35FEC 0 0 0 0
04C36010 0 0 0 0
04C36034 0 0 0 0
04C36058 0 0 0 0
04C3607C 0 0 0 0
04C360A0 0 0 0 0
04C360C4 0 0 0 0
04C360E8 0 0 0 0
04C3610C 0 0 0 0
04C36130 0 0 0 0
04C36154 0 0 0 0
04C36178 0 0 0 0
04C3619C 0 0 0 0
04C361C0 0 0 0 0
04C361E4 0 0 0 0
04C36208 0 0 0 0
04C3622C 0 0 0 0
04C36250 0 0 0 0
04C36274 0 0 0 0
04C36298 0 1 0 0
04C362BC 0 1 0 0
04C362E0 0 0 0 0
04C36304 0 0 0 0
04C36328 0 1 0 0
04C3634C 0 1 0 0
04C36370 0 0 0 0
04C36394 0 0 0 0
04C363B8 0 0 0 0
04C363DC 0 0 0 0
04C36400 0 0 0 0
04C36424 0 0 0 0
04C36448 0 0 0 0
04C3646C 0 0 0 0
04C36490 0 0 0 0
04C364B4 0 0 0 0
04C364D8 0 0 0 0
04C364FC 0 0 0 0
04C36520 0 0 0 0
04C36544 0 0 0 0
04C36568 0 0 0 0
04C36614 0 0 0 0
04C36638 0 0 0 0
04C3665C 0 0 0 0
04C36680 0 0 0 0
04C366A4 0 0 0 0
04C366C8 0 0 0 0
04C366EC 0 0 0 0
04C36710 0 0 0 0
04C36734 0 0 0 0
04C36758 0 0 0 0
04C3677C 0 0 0 0
04C367A0 0 0 0 0
04C367C4 0 0 0 0
04C367E8 0 0 0 0
04C3680C 0 0 0 0
04C36830 0 0 0 0
04C36854 0 0 0 0
04C36878 0 0 0 0
04C3689C 0 0 0 0
04C368C0 0 0 0 0
04C368E4 0 0 0 0
04C36908 0 0 0 0
04C3692C 0 0 0 0
04C36950 0 0 0 0
04C36974 0 0 0 0
04C36998 0 0 0 0
04C369BC 0 0 0 0
04C369E0 0 0 0 0
04C36A04 0 0 0 0
04C36A28 0 0 0 0
04C36A4C 0 0 0 0
04C36A70 0 0 0 0
04C36A94 0 0 0 0
04C36AB8 0 0 0 0
04C36ADC 0 0 0 0
04C36B00 0 0 0 0
04C36B24 0 0 0 0
04C36B48 0 0 0 0
04C36B6C 0 0 0 0
04C36B90 0 1 0 0
04C36BB4 0 1 0 0
04C36BD8 0 0 0 0
04C36BFC 0 0 0 0
04C36C20 0 1 0 0
04C36C44 0 1 0 0
04C36C68 0 0 0 0
04C36C8C 0 0 0 0
04C36CB0 0 0 0 0
04C36CD4 0 0 0 0
04C36CF8 0 0 0 0
04C36D1C 0 0 0 0
04C36D40 0 0 0 0
04C36D64 0 0 0 0
04C36D88 0 0 0 0
04C36DAC 0 0 0 0
04C36DD0 0 0 0 0
04C36DF4 0 0 0 0
04C36E18 0 0 0 0
04C36E3C 0 0 0 0
04C36E60 0 0 0 0
04C36F0C 0 0 0 0
04C36F30 0 0 0 0
04C36F54 0 0 0 0
04C36F78 0 0 0 0
04C36F9C 0 0 0 0
04C36FC0 0 0 0 0
04C36FE4 0 0 0 0
04C37008 0 0 0 0
04C3702C 0 0 0 0
04C37050 0 0 0 0
04C37074 0 0 0 0
04C37098 0 0 0 0
04C370BC 0 0 0 0
04C370E0 0 0 0 0
04C37104 0 0 0 0
04C37128 0 0 0 0
04C3714C 0 0 0 0
04C37170 0 0 0 0
04C37194 0 0 0 0
04C371B8 0 0 0 0
04C371DC 0 0 0 0
04C37200 0 0 0 0
04C37224 0 0 0 0
04C37248 0 0 0 0
04C3726C 0 0 0 0
04C37290 0 0 0 0
04C372B4 0 0 0 0
04C372D8 0 0 0 0
04C372FC 0 0 0 0
04C37320 0 0 0 0
04C37344 0 1 0 0
04C37368 0 1 0 0
04C3738C 0 1 0 0
04C373B0 0 1 0 0
04C373D4 0 0 0 0
04C373F8 0 0 0 0
04C3741C 0 0 0 0
04C37440 0 0 0 0
04C37464 0 0 0 0
04C37488 0 0 0 0
04C374AC 0 0 0 0
04C374D0 0 0 0 0
04C374F4 0 0 0 0
04C37518 0 1 0 0
04C3753C 0 1 0 0
04C37560 0 0 0 0
04C37584 0 0 0 0
04C375A8 0 0 0 0
04C375CC 0 0 0 0
04C375F0 0 0 0 0
04C37614 0 0 0 0
04C37638 0 0 0 0
04C3765C 0 0 0 0
04C37680 0 0 0 0
04C376A4 0 0 0 0
04C376C8 0 0 0 0
04C376EC 0 1 0 0
04C37710 0 1 0 0
04C37734 0 1 0 0
04C37758 0 1 0 0
04C37804 0 0 0 0
04C37828 0 0 0 0
04C3784C 0 0 0 0
04C37870 0 0 0 0
04C37894 0 0 0 0
04C378B8 0 0 0 0
04C378DC 0 0 0 0
04C37900 0 0 0 0
04C37924 0 0 0 0
04C37948 0 0 0 0
04C3796C 0 0 0 0
04C37990 0 0 0 0
04C379B4 0 0 0 0
04C379D8 0 0 0 0
04C379FC 0 0 0 0
04C37A20 0 0 0 0
04C37A44 0 0 0 0
04C37A68 0 0 0 0
04C37A8C 0 0 0 0
04C37AB0 0 0 0 0
04C37AD4 0 0 0 0
04C37AF8 0 0 0 0
04C37B1C 0 0 0 0
04C37B40 0 0 0 0
04C37B64 0 0 0 0
04C37B88 0 0 0 0
04C37BAC 0 0 0 0
04C37BD0 0 0 0 0
04C37BF4 0 0 0 0
04C37C18 0 0 0 0
04C37C3C 0 1 0 0
04C37C60 0 1 0 0
04C37C84 0 1 0 0
04C37CA8 0 1 0 0
04C37CCC 0 0 0 0
04C37CF0 0 0 0 0
04C37D14 0 0 0 0
04C37D38 0 0 0 0
04C37D5C 0 0 0 0
04C37D80 0 0 0 0
04C37DA4 0 0 0 0
04C37DC8 0 0 0 0
04C37DEC 0 0 0 0
04C37E10 0 1 0 0
04C37E34 0 1 0 0
04C37E58 0 0 0 0
04C37E7C 0 0 0 0
04C37EA0 0 0 0 0
04C37EC4 0 0 0 0
04C37EE8 0 0 0 0
04C37F0C 0 0 0 0
04C37F30 0 0 0 0
04C37F54 0 0 0 0
04C37F78 0 0 0 0
04C37F9C 0 0 0 0
04C37FC0 0 0 0 0
04C37FE4 0 1 0 0
04C38008 0 1 0 0
04C3802C 0 1 0 0
04C38050 0 1 0 0
04C380FC 0 1 0 0
04C38120 0 0 0 0
04C38144 0 0 0 0
04C38168 0 0 0 0
04C3818C 0 0 0 0
04C381B0 0 0 0 0
04C381D4 0 0 0 0
04C381F8 0 0 0 0
04C3821C 0 0 0 0
04C38240 0 0 0 0
04C38264 0 0 0 0
04C38288 0 0 0 0
04C382AC 0 0 0 0
04C382D0 0 0 0 0
04C382F4 0 0 0 0
04C38318 0 0 0 0
04C3833C 0 0 0 0
04C38360 0 0 0 0
04C38384 0 0 0 0
04C383A8 0 0 0 0
04C383CC 0 0 0 0
04C383F0 0 0 0 0
04C38414 0 0 0 0
04C38438 0 0 0 0
04C3845C 0 0 0 0
04C38480 0 0 0 0
04C384A4 0 0 0 0
04C384C8 0 0 0 0
04C384EC 0 0 0 0
04C38510 0 0 0 0
04C38534 0 0 0 0
04C38558 0 0 0 0
04C3857C 0 0 0 0
04C385A0 0 0 0 0
04C385C4 0 0 0 0
04C385E8 0 0 0 0
04C3860C 0 0 0 0
04C38630 0 0 0 0
04C38654 0 0 0 0
04C38678 0 0 0 0
04C3869C 0 0 0 0
04C386C0 0 0 0 0
04C386E4 0 0 0 0
04C38708 0 1 0 0
04C3872C 0 1 0 0
04C38750 0 0 0 0
04C38774 0 0 0 0
04C38798 0 0 0 0
04C387BC 0 0 0 0
04C387E0 0 0 0 0
04C38804 0 0 0 0
04C38828 0 0 0 0
04C3884C 0 0 0 0
04C38870 0 0 0 0
04C38894 0 0 0 0
04C388B8 0 0 0 0
04C388DC 0 0 0 0
04C38900 0 0 0 0
04C38924 0 0 0 0
04C38948 0 0 0 0
04C389F4 0 1 0 0
04C38A18 0 1 0 0
04C38A3C 0 0 0 0
04C38A60 0 0 0 0
04C38A84 0 0 0 0
04C38AA8 0 0 0 0
04C38ACC 0 0 0 0
04C38AF0 0 0 0 0
04C38B14 0 0 0 0
04C38B38 0 0 0 0
04C38B5C 0 0 0 0
04C38B80 0 0 0 0
04C38BA4 0 0 0 0
04C38BC8 0 0 0 0
04C38BEC 0 0 0 0
04C38C10 0 0 0 0
04C38C34 0 0 0 0
04C38C58 0 0 0 0
04C38C7C 0 0 0 0
04C38CA0 0 0 0 0
04C38CC4 0 0 0 0
04C38CE8 0 0 0 0
04C38D0C 0 0 0 0
04C38D30 0 0 0 0
04C38D54 0 0 0 0
04C38D78 0 0 0 0
04C38D9C 0 0 0 0
04C38DC0 0 1 0 0
04C38DE4 0 1 0 0
04C38E08 0 1 0 0
04C38E2C 0 0 0 0
04C38E50 0 0 0 0
04C38E74 0 0 0 0
04C38E98 0 0 0 0
04C38EBC 0 0 0 0
04C38EE0 0 0 0 0
04C38F04 0 0 0 0
04C38F28 0 0 0 0
04C38F4C 0 0 0 0
04C38F70 0 0 0 0
04C38F94 0 0 0 0
04C38FB8 0 0 0 0
04C38FDC 0 0 0 0
04C39000 0 1 0 0
04C39024 0 1 0 0
04C39048 0 0 0 0
04C3906C 0 0 0 0
04C39090 0 0 0 0
04C390B4 0 0 0 0
04C390D8 0 0 0 0
04C390FC 0 0 0 0
04C39120 0 0 0 0
04C39144 0 0 0 0
04C39168 0 0 0 0
04C3918C 0 0 0 0
04C391B0 0 0 0 0
04C391D4 0 0 0 0
04C391F8 0 0 0 0
04C3921C 0 0 0 0
04C39240 0 0 0 0
04C392EC 0 1 0 0
04C39310 0 1 0 0
04C39334 0 0 0 0
04C39358 0 0 0 0
04C3937C 0 0 0 0
04C393A0 0 0 0 0
04C393C4 0 0 0 0
04C393E8 0 0 0 0
04C3940C 0 0 0 0
04C39430 0 0 0 0
04C39454 0 0 0 0
04C39478 0 0 0 0
04C3949C 0 0 0 0
04C394C0 0 0 0 0
04C394E4 0 0 0 0
04C39508 0 0 0 0
04C3952C 0 0 0 0
04C39550 0 0 0 0
04C39574 0 0 0 0
04C39598 0 0 0 0
04C395BC 0 0 0 0
04C395E0 0 0 0 0
04C39604 0 0 0 0
04C39628 0 0 0 0
04C3964C 0 0 0 0
04C39670 0 0 0 0
04C39694 0 0 0 0
04C396B8 0 1 0 0
04C396DC 0 1 0 0
04C39700 0 1 0 0
04C39724 0 0 0 0
04C39748 0 0 0 0
04C3976C 0 0 0 0
04C39790 0 0 0 0
04C397B4 0 0 0 0
04C397D8 0 0 0 0
04C397FC 0 0 0 0
04C39820 0 0 0 0
04C39844 0 0 0 0
04C39868 0 0 0 0
04C3988C 0 0 0 0
04C398B0 0 0 0 0
04C398D4 0 0 0 0
04C398F8 0 0 0 0
04C3991C 0 0 0 0
04C39940 0 0 0 0
04C39964 0 0 0 0
04C39988 0 0 0 0
04C399AC 0 0 0 0
04C399D0 0 0 0 0
04C399F4 0 0 0 0
04C39A18 0 0 0 0
04C39A3C 0 0 0 0
04C39A60 0 0 0 0
04C39A84 0 0 0 0
04C39AA8 0 0 0 0
04C39ACC 0 0 0 0
04C39AF0 0 0 0 0
04C39B14 0 0 0 0
04C39B38 0 0 0 0
04C39BE4 0 1 0 0
04C39C08 0 1 0 0
04C39C2C 0 0 0 0
04C39C50 0 0 0 0
04C39C74 0 0 0 0
04C39C98 0 0 0 0
04C39CBC 0 0 0 0
04C39CE0 0 0 0 0
04C39D04 0 0 0 0
04C39D28 0 0 0 0
04C39D4C 0 0 0 0
04C39D70 0 0 0 0
04C39D94 0 0 0 0
04C39DB8 0 0 0 0
04C39DDC 0 0 0 0
04C39E00 0 0 0 0
04C39E24 0 0 0 0
04C39E48 0 0 0 0
04C39E6C 0 0 0 0
04C39E90 0 0 0 0
04C39EB4 0 0 0 0
04C39ED8 0 0 0 0
04C39EFC 0 0 0 0
04C39F20 0 0 0 0
04C39F44 0 0 0 0
04C39F68 0 0 0 0
04C39F8C 0 0 0 0
04C39FB0 0 1 0 0
04C39FD4 0 1 0 0
04C39FF8 0 1 0 0
04C3A01C 0 0 0 0
04C3A040 0 0 0 0
04C3A064 0 0 0 0
04C3A088 0 0 0 0
04C3A0AC 0 0 0 0
04C3A0D0 0 0 0 0
04C3A0F4 0 0 0 0
04C3A118 0 0 0 0
04C3A13C 0 0 0 0
04C3A160 0 0 0 0
04C3A184 0 0 0 0
04C3A1A8 0 0 0 0
04C3A1CC 0 0 0 0
04C3A1F0 0 0 0 0
04C3A214 0 0 0 0
04C3A238 0 0 0 0
04C3A25C 0 0 0 0
04C3A280 0 0 0 0
04C3A2A4 0 0 0 0
04C3A2C8 0 0 0 0
04C3A2EC 0 0 0 0
04C3A310 0 0 0 0
04C3A334 0 0 0 0
04C3A358 0 0 0 0
04C3A37C 0 0 0 0
04C3A3A0 0 0 0 0
04C3A3C4 0 0 0 0
04C3A3E8 0 0 0 0
04C3A40C 0 0 0 0
04C3A430 0 0 0 0
04C3A4DC 0 1 0 0
04C3A500 0 1 0 0
04C3A524 0 0 0 0
04C3A548 0 0 0 0
04C3A56C 0 0 0 0
04C3A590 0 0 0 0
04C3A5B4 0 0 0 0
04C3A5D8 0 0 0 0
04C3A5FC 0 0 0 0
04C3A620 0 0 0 0
04C3A644 0 0 0 0
04C3A668 0 0 0 0
04C3A68C 0 0 0 0
04C3A6B0 0 0 0 0
04C3A6D4 0 0 0 0
04C3A6F8 0 0 0 0
04C3A71C 0 0 0 0
04C3A740 0 0 0 0
04C3A764 0 0 0 0
04C3A788 0 0 0 0
04C3A7AC 0 0 0 0
04C3A7D0 0 0 0 0
04C3A7F4 0 0 0 0
04C3A818 0 0 0 0
04C3A83C 0 0 0 0
04C3A860 0 0 0 0
04C3A884 0 0 0 0
04C3A8A8 0 1 0 0
04C3A8CC 0 1 0 0
04C3A8F0 0 1 0 0
04C3A914 0 1 0 0
04C3A938 0 1 0 0
04C3A95C 0 1 0 0
04C3A980 0 1 0 0
04C3A9A4 0 0 0 0
04C3A9C8 0 0 0 0
04C3A9EC 0 0 0 0
04C3AA10 0 0 0 0
04C3AA34 0 0 0 0
04C3AA58 0 1 0 0
04C3AA7C 0 1 0 0
04C3AAA0 0 0 0 0
04C3AAC4 0 0 0 0
04C3AAE8 0 1 0 0
04C3AB0C 0 1 0 0
04C3AB30 0 0 0 0
04C3AB54 0 0 0 0
04C3AB78 0 1 0 0
04C3AB9C 0 1 0 0
04C3ABC0 0 0 0 0
04C3ABE4 0 0 0 0
04C3AC08 0 0 0 0
04C3AC2C 0 0 0 0
04C3AC50 0 0 0 0
04C3AC74 0 0 0 0
04C3AC98 0 0 0 0
04C3ACBC 0 1 0 0
04C3ACE0 0 1 0 0
04C3AD04 0 1 0 0
04C3AD28 0 1 0 0
04C3ADD4 0 1 0 0
04C3ADF8 0 1 0 0
04C3AE1C 0 0 0 0
04C3AE40 0 0 0 0
04C3AE64 0 0 0 0
04C3AE88 0 0 0 0
04C3AEAC 0 0 0 0
04C3AED0 0 0 0 0
04C3AEF4 0 0 0 0
04C3AF18 0 0 0 0
04C3AF3C 0 0 0 0
04C3AF60 0 0 0 0
04C3AF84 0 0 0 0
04C3AFA8 0 0 0 0
04C3AFCC 0 0 0 0
04C3AFF0 0 0 0 0
04C3B014 0 0 0 0
04C3B038 0 0 0 0
04C3B05C 0 0 0 0
04C3B080 0 0 0 0
04C3B0A4 0 0 0 0
04C3B0C8 0 0 0 0
04C3B0EC 0 0 0 0
04C3B110 0 0 0 0
04C3B134 0 0 0 0
04C3B158 0 0 0 0
04C3B17C 0 0 0 0
04C3B1A0 0 1 0 0
04C3B1C4 0 1 0 0
04C3B1E8 0 1 0 0
04C3B20C 0 1 0 0
04C3B230 0 1 0 0
04C3B254 0 1 0 0
04C3B278 0 1 0 0
04C3B29C 0 0 0 0
04C3B2C0 0 0 0 0
04C3B2E4 0 0 0 0
04C3B308 0 0 0 0
04C3B32C 0 0 0 0
04C3B350 0 1 0 0
04C3B374 0 1 0 0
04C3B398 0 0 0 0
04C3B3BC 0 0 0 0
04C3B3E0 0 1 0 0
04C3B404 0 1 0 0
04C3B428 0 0 0 0
04C3B44C 0 0 0 0
04C3B470 0 1 0 0
04C3B494 0 1 0 0
04C3B4B8 0 0 0 0
04C3B4DC 0 0 0 0
04C3B500 0 0 0 0
04C3B524 0 0 0 0
04C3B548 0 0 0 0
04C3B56C 0 0 0 0
04C3B590 0 0 0 0
04C3B5B4 0 1 0 0
04C3B5D8 0 1 0 0
04C3B5FC 0 1 0 0
04C3B620 0 1 0 0
04C3B6CC 0 1 0 0
04C3B6F0 0 1 0 0
04C3B714 0 0 0 0
04C3B738 0 0 0 0
04C3B75C 0 0 0 0
04C3B780 0 0 0 0
04C3B7A4 0 0 0 0
04C3B7C8 0 0 0 0
04C3B7EC 0 0 0 0
04C3B810 0 0 0 0
04C3B834 0 0 0 0
04C3B858 0 0 0 0
04C3B87C 0 0 0 0
04C3B8A0 0 0 0 0
04C3B8C4 0 0 0 0
04C3B8E8 0 0 0 0
04C3B90C 0 0 0 0
04C3B930 0 0 0 0
04C3B954 0 0 0 0
04C3B978 0 0 0 0
04C3B99C 0 0 0 0
04C3B9C0 0 0 0 0
04C3B9E4 0 0 0 0
04C3BA08 0 0 0 0
04C3BA2C 0 0 0 0
04C3BA50 0 0 0 0
04C3BA74 0 0 0 0
04C3BA98 0 1 0 0
04C3BABC 0 1 0 0
04C3BAE0 0 1 0 0
04C3BB04 0 0 0 0
04C3BB28 0 0 0 0
04C3BB4C 0 0 0 0
04C3BB70 0 0 0 0
04C3BB94 0 0 0 0
04C3BBB8 0 0 0 0
04C3BBDC 0 0 0 0
04C3BC00 0 0 0 0
04C3BC24 0 0 0 0
04C3BC48 0 0 0 0
04C3BC6C 0 0 0 0
04C3BC90 0 0 0 0
04C3BCB4 0 0 0 0
04C3BCD8 0 0 0 0
04C3BCFC 0 0 0 0
04C3BD20 0 0 0 0
04C3BD44 0 0 0 0
04C3BD68 0 0 0 0
04C3BD8C 0 0 0 0
04C3BDB0 0 0 0 0
04C3BDD4 0 0 0 0
04C3BDF8 0 0 0 0
04C3BE1C 0 0 0 0
04C3BE40 0 0 0 0
04C3BE64 0 0 0 0
04C3BE88 0 0 0 0
04C3BEAC 0 0 0 0
04C3BED0 0 0 0 0
04C3BEF4 0 0 0 0
04C3BF18 0 0 0 0
04C3BFC4 0 1 0 0
04C3BFE8 0 1 0 0
04C3C00C 0 1 0 0
04C3C030 0 0 0 0
04C3C054 0 0 0 0
04C3C078 0 0 0 0
04C3C09C 0 0 0 0
04C3C0C0 0 0 0 0
04C3C0E4 0 0 0 0
04C3C108 0 0 0 0
04C3C12C 0 0 0 0
04C3C150 0 0 0 0
04C3C174 0 0 0 0
04C3C198 0 0 0 0
04C3C1BC 0 0 0 0
04C3C1E0 0 0 0 0
04C3C204 0 0 0 0
04C3C228 0 0 0 0
04C3C24C 0 0 0 0
04C3C270 0 0 0 0
04C3C294 0 0 0 0
04C3C2B8 0 0 0 0
04C3C2DC 0 0 0 0
04C3C300 0 0 0 0
04C3C324 0 0 0 0
04C3C348 0 0 0 0
04C3C36C 0 1 0 0
04C3C390 0 1 0 0
04C3C3B4 0 1 0 0
04C3C3D8 0 1 0 0
04C3C3FC 0 0 0 0
04C3C420 0 0 0 0
04C3C444 0 0 0 0
04C3C468 0 0 0 0
04C3C48C 0 0 0 0
04C3C4B0 0 0 0 0
04C3C4D4 0 0 0 0
04C3C4F8 0 0 0 0
04C3C51C 0 0 0 0
04C3C540 0 0 0 0
04C3C564 0 0 0 0
04C3C588 0 0 0 0
04C3C5AC 0 0 0 0
04C3C5D0 0 0 0 0
04C3C5F4 0 0 0 0
04C3C618 0 0 0 0
04C3C63C 0 0 0 0
04C3C660 0 0 0 0
04C3C684 0 0 0 0
04C3C6A8 0 0 0 0
04C3C6CC 0 0 0 0
04C3C6F0 0 0 0 0
04C3C714 0 0 0 0
04C3C738 0 0 0 0
04C3C75C 0 0 0 0
04C3C780 0 0 0 0
04C3C7A4 0 0 0 0
04C3C7C8 0 0 0 0
04C3C7EC 0 0 0 0
04C3C810 0 0 0 0
04C3C8BC 0 1 0 0
04C3C8E0 0 1 0 0
04C3C904 0 1 0 0
04C3C928 0 1 0 0
04C3C94C 0 0 0 0
04C3C970 0 0 0 0
04C3C994 0 0 0 0
04C3C9B8 0 0 0 0
04C3C9DC 0 0 0 0
04C3CA00 0 0 0 0
04C3CA24 0 0 0 0
04C3CA48 0 0 0 0
04C3CA6C 0 0 0 0
04C3CA90 0 0 0 0
04C3CAB4 0 0 0 0
04C3CAD8 0 0 0 0
04C3CAFC 0 0 0 0
04C3CB20 0 0 0 0
04C3CB44 0 0 0 0
04C3CB68 0 0 0 0
04C3CB8C 0 0 0 0
04C3CBB0 0 0 0 0
04C3CBD4 0 0 0 0
04C3CBF8 0 0 0 0
04C3CC1C 0 1 0 0
04C3CC40 0 1 0 0
04C3CC64 0 1 0 0
04C3CC88 0 1 0 0
04C3CCAC 0 1 0 0
04C3CCD0 0 1 0 0
04C3CCF4 0 0 0 0
04C3CD18 0 0 0 0
04C3CD3C 0 0 0 0
04C3CD60 0 0 0 0
04C3CD84 0 0 0 0
04C3CDA8 0 0 0 0
04C3CDCC 0 0 0 0
04C3CDF0 0 0 0 0
04C3CE14 0 0 0 0
04C3CE38 0 0 0 0
04C3CE5C 0 0 0 0
04C3CE80 0 0 0 0
04C3CEA4 0 0 0 0
04C3CEC8 0 0 0 0
04C3CEEC 0 0 0 0
04C3CF10 0 0 0 0
04C3CF34 0 0 0 0
04C3CF58 0 0 0 0
04C3CF7C 0 0 0 0
04C3CFA0 0 0 0 0
04C3CFC4 0 0 0 0
04C3CFE8 0 0 0 0
04C3D00C 0 0 0 0
04C3D030 0 0 0 0
04C3D054 0 0 0 0
04C3D078 0 0 0 0
04C3D09C 0 0 0 0
04C3D0C0 0 0 0 0
04C3D0E4 0 0 0 0
04C3D108 0 0 0 0
04C3D1B4 0 1 0 0
04C3D1D8 0 1 0 0
04C3D1FC 0 1 0 0
04C3D220 0 1 0 0
04C3D244 0 0 0 0
04C3D268 0 0 0 0
04C3D28C 0 0 0 0
04C3D2B0 0 0 0 0
04C3D2D4 0 0 0 0
04C3D2F8 0 0 0 0
04C3D31C 0 0 0 0
04C3D340 0 0 0 0
04C3D364 0 0 0 0
04C3D388 0 0 0 0
04C3D3AC 0 0 0 0
04C3D3D0 0 0 0 0
04C3D3F4 0 0 0 0
04C3D418 0 0 0 0
04C3D43C 0 0 0 0
04C3D460 0 0 0 0
04C3D484 0 0 0 0
04C3D4A8 0 0 0 0
04C3D4CC 0 0 0 0
04C3D4F0 0 0 0 0
04C3D514 0 1 0 0
04C3D538 0 1 0 0
04C3D55C 0 1 0 0
04C3D580 0 1 0 0
04C3D5A4 0 1 0 0
04C3D5C8 0 1 0 0
04C3D5EC 0 0 0 0
04C3D610 0 0 0 0
04C3D634 0 0 0 0
04C3D658 0 0 0 0
04C3D67C 0 0 0 0
04C3D6A0 0 0 0 0
04C3D6C4 0 0 0 0
04C3D6E8 0 0 0 0
04C3D70C 0 0 0 0
04C3D730 0 0 0 0
04C3D754 0 0 0 0
04C3D778 0 0 0 0
04C3D79C 0 0 0 0
04C3D7C0 0 0 0 0
04C3D7E4 0 0 0 0
04C3D808 0 0 0 0
04C3D82C 0 0 0 0
04C3D850 0 0 0 0
04C3D874 0 0 0 0
04C3D898 0 0 0 0
04C3D8BC 0 0 0 0
04C3D8E0 0 0 0 0
04C3D904 0 0 0 0
04C3D928 0 0 0 0
04C3D94C 0 0 0 0
04C3D970 0 0 0 0
04C3D994 0 0 0 0
04C3D9B8 0 0 0 0
04C3D9DC 0 0 0 0
04C3DA00 0 0 0 0
04C3DAAC 0 1 0 0
04C3DAD0 0 1 0 0
04C3DAF4 0 1 0 0
04C3DB18 0 1 0 0
04C3DB3C 0 0 0 0
04C3DB60 0 0 0 0
04C3DB84 0 0 0 0
04C3DBA8 0 0 0 0
04C3DBCC 0 0 0 0
04C3DBF0 0 0 0 0
04C3DC14 0 0 0 0
04C3DC38 0 0 0 0
04C3DC5C 0 0 0 0
04C3DC80 0 0 0 0
04C3DCA4 0 0 0 0
04C3DCC8 0 0 0 0
04C3DCEC 0 0 0 0
04C3DD10 0 0 0 0
04C3DD34 0 0 0 0
04C3DD58 0 0 0 0
04C3DD7C 0 0 0 0
04C3DDA0 0 0 0 0
04C3DDC4 0 0 0 0
04C3DDE8 0 1 0 0
04C3DE0C 0 1 0 0
04C3DE30 0 1 0 0
04C3DE54 0 1 0 0
04C3DE78 0 1 0 0
04C3DE9C 0 1 0 0
04C3DEC0 0 1 0 0
04C3DEE4 0 0 0 0
04C3DF08 0 0 0 0
04C3DF2C 0 0 0 0
04C3DF50 0 0 0 0
04C3DF74 0 0 0 0
04C3DF98 0 0 0 0
04C3DFBC 0 0 0 0
04C3DFE0 0 0 0 0
04C3E004 0 0 0 0
04C3E028 0 0 0 0
04C3E04C 0 0 0 0
04C3E070 0 0 0 0
04C3E094 0 0 0 0
04C3E0B8 0 0 0 0
04C3E0DC 0 0 0 0
04C3E100 0 0 0 0
04C3E124 0 0 0 0
04C3E148 0 0 0 0
04C3E16C 0 0 0 0
04C3E190 0 0 0 0
04C3E1B4 0 0 0 0
04C3E1D8 0 0 0 0
04C3E1FC 0 0 0 0
04C3E220 0 0 0 0
04C3E244 0 0 0 0
04C3E268 0 0 0 0
04C3E28C 0 0 0 0
04C3E2B0 0 0 0 0
04C3E2D4 0 0 0 0
04C3E2F8 0 0 0 0
04C3E3A4 0 1 0 0
04C3E3C8 0 1 0 0
04C3E3EC 0 1 0 0
04C3E410 0 1 0 0
04C3E434 0 0 0 0
04C3E458 0 0 0 0
04C3E47C 0 0 0 0
04C3E4A0 0 0 0 0
04C3E4C4 0 0 0 0
04C3E4E8 0 0 0 0
04C3E50C 0 0 0 0
04C3E530 0 0 0 0
04C3E554 0 0 0 0
04C3E578 0 0 0 0
04C3E59C 0 0 0 0
04C3E5C0 0 0 0 0
04C3E5E4 0 0 0 0
04C3E608 0 0 0 0
04C3E62C 0 0 0 0
04C3E650 0 0 0 0
04C3E674 0 0 0 0
04C3E698 0 0 0 0
04C3E6BC 0 0 0 0
04C3E6E0 0 1 0 0
04C3E704 0 1 0 0
04C3E728 0 1 0 0
04C3E74C 0 1 0 0
04C3E770 0 1 0 0
04C3E794 0 1 0 0
04C3E7B8 0 1 0 0
04C3E7DC 0 0 0 0
04C3E800 0 0 0 0
04C3E824 0 0 0 0
04C3E848 0 0 0 0
04C3E86C 0 0 0 0
04C3E890 0 0 0 0
04C3E8B4 0 0 0 0
04C3E8D8 0 0 0 0
04C3E8FC 0 0 0 0
04C3E920 0 0 0 0
04C3E944 0 0 0 0
04C3E968 0 0 0 0
04C3E98C 0 0 0 0
04C3E9B0 0 0 0 0
04C3E9D4 0 0 0 0
04C3E9F8 0 0 0 0
04C3EA1C 0 0 0 0
04C3EA40 0 0 0 0
04C3EA64 0 0 0 0
04C3EA88 0 0 0 0
04C3EAAC 0 0 0 0
04C3EAD0 0 0 0 0
04C3EAF4 0 0 0 0
04C3EB18 0 0 0 0
04C3EB3C 0 0 0 0
04C3EB60 0 0 0 0
04C3EB84 0 0 0 0
04C3EBA8 0 0 0 0
04C3EBCC 0 0 0 0
04C3EBF0 0 0 0 0
04C3EC9C 0 1 0 0
04C3ECC0 0 1 0 0
04C3ECE4 0 1 0 0
04C3ED08 0 1 0 0
04C3ED2C 0 1 0 0
04C3ED50 0 1 0 0
04C3ED74 0 1 0 0
04C3ED98 0 1 0 0
04C3EDBC 0 1 0 0
04C3EDE0 0 1 0 0
04C3EE04 0 1 0 0
04C3EE28 0 1 0 0
04C3EE4C 0 1 0 0
04C3EE70 0 1 0 0
04C3EE94 0 1 0 0
04C3EEB8 0 1 0 0
04C3EEDC 0 1 0 0
04C3EF00 0 1 0 0
04C3EF24 0 1 0 0
04C3EF48 0 1 0 0
04C3EF6C 0 1 0 0
04C3EF90 0 1 0 0
04C3EFB4 0 1 0 0
04C3EFD8 0 1 0 0
04C3EFFC 0 1 0 0
04C3F020 0 1 0 0
04C3F044 0 1 0 0
04C3F068 0 1 0 0
04C3F08C 0 1 0 0
04C3F0B0 0 1 0 0
04C3F0D4 0 0 0 0
04C3F0F8 0 0 0 0
04C3F11C 0 0 0 0
04C3F140 0 0 0 0
04C3F164 0 0 0 0
04C3F188 0 0 0 0
04C3F1AC 0 0 0 0
04C3F1D0 0 0 0 0
04C3F1F4 0 0 0 0
04C3F218 0 0 0 0
04C3F23C 0 0 0 0
04C3F260 0 0 0 0
04C3F284 0 0 0 0
04C3F2A8 0 0 0 0
04C3F2CC 0 0 0 0
04C3F2F0 0 0 0 0
04C3F314 0 0 0 0
04C3F338 0 0 0 0
04C3F35C 0 0 0 0
04C3F380 0 0 0 0
04C3F3A4 0 0 0 0
04C3F3C8 0 0 0 0
04C3F3EC 0 0 0 0
04C3F410 0 0 0 0
04C3F434 0 0 0 0
04C3F458 0 0 0 0
04C3F47C 0 0 0 0
04C3F4A0 0 0 0 0
04C3F4C4 0 0 0 0
04C3F4E8 0 0 0 0
04C3F594 0 1 0 0
04C3F5B8 0 1 0 0
04C3F5DC 0 1 0 0
04C3F600 0 1 0 0
04C3F624 0 1 0 0
04C3F648 0 1 0 0
04C3F66C 0 1 0 0
04C3F690 0 1 0 0
04C3F6B4 0 1 0 0
04C3F6D8 0 1 0 0
04C3F6FC 0 1 0 0
04C3F720 0 1 0 0
04C3F744 0 1 0 0
04C3F768 0 1 0 0
04C3F78C 0 1 0 0
04C3F7B0 0 1 0 0
04C3F7D4 0 1 0 0
04C3F7F8 0 1 0 0
04C3F81C 0 1 0 0
04C3F840 0 1 0 0
04C3F864 0 1 0 0
04C3F888 0 1 0 0
04C3F8AC 0 1 0 0
04C3F8D0 0 1 0 0
04C3F8F4 0 1 0 0
04C3F918 0 1 0 0
04C3F93C 0 1 0 0
04C3F960 0 1 0 0
04C3F984 0 1 0 0
04C3F9A8 0 1 0 0
04C3F9CC 0 1 0 0
04C3F9F0 0 1 0 0
04C3FA14 0 1 0 0
04C3FA38 0 1 0 0
04C3FA5C 0 1 0 0
04C3FA80 0 1 0 0
04C3FAA4 0 1 0 0
04C3FAC8 0 1 0 0
04C3FAEC 0 0 0 0
04C3FB10 0 0 0 0
04C3FB34 0 0 0 0
04C3FB58 0 0 0 0
04C3FB7C 0 0 0 0
04C3FBA0 0 0 0 0
04C3FBC4 0 0 0 0
04C3FBE8 0 0 0 0
04C3FC0C 0 0 0 0
04C3FC30 0 0 0 0
04C3FC54 0 0 0 0
04C3FC78 0 0 0 0
04C3FC9C 0 0 0 0
04C3FCC0 0 0 0 0
04C3FCE4 0 0 0 0
04C3FD08 0 0 0 0
04C3FD2C 0 0 0 0
04C3FD50 0 0 0 0
04C3FD74 0 1 0 0
04C3FD98 0 1 0 0
04C3FDBC 0 1 0 0
04C3FDE0 0 0 0 0
04C3FE8C 0 1 0 0
04C3FEB0 0 1 0 0
04C3FED4 0 1 0 0
04C3FEF8 0 1 0 0
04C3FF1C 0 1 0 0
04C3FF40 0 1 0 0
04C3FF64 0 1 0 0
04C3FF88 0 1 0 0
04C3FFAC 0 1 0 0
04C3FFD0 0 1 0 0
04C3FFF4 0 1 0 0
04C40018 0 1 0 0
04C4003C 0 1 0 0
04C40060 0 1 0 0
04C40084 0 1 0 0
04C400A8 0 1 0 0
04C400CC 0 1 0 0
04C400F0 0 1 0 0
04C40114 0 1 0 0
04C40138 0 1 0 0
04C4015C 0 1 0 0
04C40180 0 1 0 0
04C401A4 0 1 0 0
04C401C8 0 1 0 0
04C401EC 0 1 0 0
04C40210 0 1 0 0
04C40234 0 1 0 0
04C40258 0 1 0 0
04C4027C 0 1 0 0
04C402A0 0 1 0 0
04C402C4 0 1 0 0
04C402E8 0 1 0 0
04C4030C 0 1 0 0
04C40330 0 1 0 0
04C40354 0 1 0 0
04C40378 0 1 0 0
04C4039C 0 1 0 0
04C403C0 0 1 0 0
04C403E4 0 1 0 0
04C40408 0 1 0 0
04C4042C 0 1 0 0
04C40450 0 1 0 0
04C40474 0 0 0 0
04C40498 0 0 0 0
04C404BC 0 0 0 0
04C404E0 0 0 0 0
04C40504 0 0 0 0
04C40528 0 0 0 0
04C4054C 0 0 0 0
04C40570 0 0 0 0
04C40594 0 0 0 0
04C405B8 0 0 0 0
04C405DC 0 0 0 0
04C40600 0 0 0 0
04C40624 0 0 0 0
04C40648 0 0 0 0
04C4066C 0 0 0 0
04C40690 0 0 0 0
04C406B4 0 0 0 0
04C406D8 0 0 0 0
04C40784 0 1 0 0
04C407A8 0 1 0 0
04C407CC 0 1 0 0
04C407F0 0 1 0 0
04C40814 0 1 0 0
04C40838 0 1 0 0
04C4085C 0 1 0 0
04C40880 0 1 0 0
04C408A4 0 1 0 0
04C408C8 0 1 0 0
04C408EC 0 1 0 0
04C40910 0 1 0 0
04C40934 0 1 0 0
04C40958 0 1 0 0
04C4097C 0 1 0 0
04C409A0 0 1 0 0
04C409C4 0 1 0 0
04C409E8 0 1 0 0
04C40A0C 0 1 0 0
04C40A30 0 1 0 0
04C40A54 0 1 0 0
04C40A78 0 1 0 0
04C40A9C 0 1 0 0
04C40AC0 0 1 0 0
04C40AE4 0 1 0 0
04C40B08 0 1 0 0
04C40B2C 0 1 0 0
04C40B50 0 1 0 0
04C40B74 0 1 0 0
04C40B98 0 1 0 0
04C40BBC 0 1 0 0
04C40BE0 0 1 0 0
04C40C04 0 1 0 0
04C40C28 0 1 0 0
04C40C4C 0 1 0 0
04C40C70 0 1 0 0
04C40C94 0 1 0 0
04C40CB8 0 1 0 0
04C40CDC 0 1 0 0
04C40D00 0 1 0 0
04C40D24 0 1 0 0
04C40D48 0 1 0 0
04C40D6C 0 1 0 0
04C40D90 0 1 0 0
04C40DB4 0 1 0 0
04C40DD8 0 1 0 0
04C40DFC 0 1 0 0
04C40E20 0 1 0 0
04C40E44 0 1 0 0
04C40E68 0 1 0 0
04C40E8C 0 1 0 0
04C40EB0 0 1 0 0
04C40ED4 0 1 0 0
04C40EF8 0 1 0 0
04C40F1C 0 1 0 0
04C40F40 0 1 0 0
04C40F64 0 1 0 0
04C40F88 0 1 0 0
04C40FAC 0 1 0 0
04C40FD0 0 1 0 0
04C4107C 0 1 0 0
04C410A0 0 1 0 0
04C410C4 0 1 0 0
04C410E8 0 1 0 0
04C4110C 0 1 0 0
04C41130 0 1 0 0
04C41154 0 1 0 0
04C41178 0 1 0 0
04C4119C 0 1 0 0
04C411C0 0 1 0 0
04C411E4 0 1 0 0
04C41208 0 1 0 0
04C4122C 0 1 0 0
04C41250 0 1 0 0
04C41274 0 1 0 0
04C41298 0 1 0 0
04C412BC 0 1 0 0
04C412E0 0 1 0 0
04C41304 0 1 0 0
04C41328 0 1 0 0
04C4134C 0 1 0 0
04C41370 0 1 0 0
04C41394 0 1 0 0
04C413B8 0 1 0 0
04C413DC 0 1 0 0
04C41400 0 1 0 0
04C41424 0 1 0 0
04C41448 0 1 0 0
04C4146C 0 1 0 0
04C41490 0 1 0 0
04C414B4 0 1 0 0
04C414D8 0 1 0 0
04C414FC 0 1 0 0
04C41520 0 1 0 0
04C41544 0 1 0 0
04C41568 0 1 0 0
04C4158C 0 1 0 0
04C415B0 0 1 0 0
04C415D4 0 1 0 0
04C415F8 0 1 0 0
04C4161C 0 1 0 0
04C41640 0 1 0 0
04C41664 0 1 0 0
04C41688 0 1 0 0
04C416AC 0 1 0 0
04C416D0 0 1 0 0
04C416F4 0 1 0 0
04C41718 0 1 0 0
04C4173C 0 1 0 0
04C41760 0 1 0 0
04C41784 0 1 0 0
04C417A8 0 1 0 0
04C417CC 0 1 0 0
04C417F0 0 1 0 0
04C41814 0 1 0 0
04C41838 0 1 0 0
04C4185C 0 1 0 0
04C41880 0 1 0 0
04C418A4 0 1 0 0
04C418C8 0 1 0 0
04C41974 0 1 0 0
04C41998 0 1 0 0
04C419BC 0 1 0 0
04C419E0 0 1 0 0
04C41A04 0 1 0 0
04C41A28 0 1 0 0
04C41A4C 0 1 0 0
04C41A70 0 1 0 0
04C41A94 0 1 0 0
04C41AB8 0 1 0 0
04C41ADC 0 1 0 0
04C41B00 0 1 0 0
04C41B24 0 1 0 0
04C41B48 0 1 0 0
04C41B6C 0 1 0 0
04C41B90 0 1 0 0
04C41BB4 0 1 0 0
04C41BD8 0 1 0 0
04C41BFC 0 1 0 0
04C41C20 0 1 0 0
04C41C44 0 1 0 0
04C41C68 0 1 0 0
04C41C8C 0 1 0 0
04C41CB0 0 1 0 0
04C41CD4 0 1 0 0
04C41CF8 0 1 0 0
04C41D1C 0 1 0 0
04C41D40 0 1 0 0
04C41D64 0 1 0 0
04C41D88 0 1 0 0
04C41DAC 0 1 0 0
04C41DD0 0 1 0 0
04C41DF4 0 1 0 0
04C41E18 0 1 0 0
04C41E3C 0 1 0 0
04C41E60 0 1 0 0
04C41E84 0 1 0 0
04C41EA8 0 1 0 0
04C41ECC 0 1 0 0
04C41EF0 0 1 0 0
04C41F14 0 1 0 0
04C41F38 0 1 0 0
04C41F5C 0 1 0 0
04C41F80 0 1 0 0
04C41FA4 0 1 0 0
04C41FC8 0 1 0 0
04C41FEC 0 1 0 0
04C42010 0 1 0 0
04C42034 0 1 0 0
04C42058 0 1 0 0
04C4207C 0 1 0 0
04C420A0 0 1 0 0
04C420C4 0 1 0 0
04C420E8 0 1 0 0
04C4210C 0 1 0 0
04C42130 0 1 0 0
04C42154 0 1 0 0
04C42178 0 1 0 0
04C4219C 0 1 0 0
04C421C0 0 1 0 0
04C4226C 0 1 0 0
04C42290 0 1 0 0
04C422B4 0 1 0 0
04C422D8 0 1 0 0
04C422FC 0 1 0 0
04C42320 0 1 0 0
04C42344 0 1 0 0
04C42368 0 1 0 0
04C4238C 0 1 0 0
04C423B0 0 1 0 0
04C423D4 0 1 0 0
04C423F8 0 1 0 0
04C4241C 0 1 0 0
04C42440 0 1 0 0
04C42464 0 1 0 0
04C42488 0 1 0 0
04C424AC 0 1 0 0
04C424D0 0 1 0 0
04C424F4 0 1 0 0
04C42518 0 1 0 0
04C4253C 0 1 0 0
04C42560 0 1 0 0
04C42584 0 1 0 0
04C425A8 0 1 0 0
04C425CC 0 1 0 0
04C425F0 0 1 0 0
04C42614 0 1 0 0
04C42638 0 1 0 0
04C4265C 0 1 0 0
04C42680 0 1 0 0
04C426A4 0 1 0 0
04C426C8 0 1 0 0
04C426EC 0 1 0 0
04C42710 0 1 0 0
04C42734 0 1 0 0
04C42758 0 1 0 0
04C4277C 0 1 0 0
04C427A0 0 1 0 0
04C427C4 0 1 0 0
04C427E8 0 1 0 0
04C4280C 0 1 0 0
04C42830 0 1 0 0
04C42854 0 1 0 0
04C42878 0 1 0 0
04C4289C 0 1 0 0
04C428C0 0 1 0 0
04C428E4 0 1 0 0
04C42908 0 1 0 0
04C4292C 0 1 0 0
04C42950 0 1 0 0
04C42974 0 1 0 0
04C42998 0 1 0 0
04C429BC 0 1 0 0
04C429E0 0 1 0 0
04C42A04 0 1 0 0
04C42A28 0 1 0 0
04C42A4C 0 1 0 0
04C42A70 0 1 0 0
04C42A94 0 1 0 0
04C42AB8 0 1 0 0
04C42B64 0 1 0 0
04C42B88 0 1 0 0
04C42BAC 0 1 0 0
04C42BD0 0 1 0 0
04C42BF4 0 1 0 0
04C42C18 0 1 0 0
04C42C3C 0 1 0 0
04C42C60 0 1 0 0
04C42C84 0 1 0 0
04C42CA8 0 1 0 0
04C42CCC 0 1 0 0
04C42CF0 0 1 0 0
04C42D14 0 1 0 0
04C42D38 0 1 0 0
04C42D5C 0 1 0 0
04C42D80 0 1 0 0
04C42DA4 0 1 0 0
04C42DC8 0 1 0 0
04C42DEC 0 1 0 0
04C42E10 0 1 0 0
04C42E34 0 1 0 0
04C42E58 0 1 0 0
04C42E7C 0 1 0 0
04C42EA0 0 1 0 0
04C42EC4 0 1 0 0
04C42EE8 0 1 0 0
04C42F0C 0 1 0 0
04C42F30 0 1 0 0
04C42F54 0 1 0 0
04C42F78 0 1 0 0
04C42F9C 0 1 0 0
04C42FC0 0 1 0 0
04C42FE4 0 1 0 0
04C43008 0 1 0 0
04C4302C 0 1 0 0
04C43050 0 1 0 0
04C43074 0 1 0 0
04C43098 0 1 0 0
04C430BC 0 1 0 0
04C430E0 0 1 0 0
04C43104 0 1 0 0
04C43128 0 1 0 0
04C4314C 0 1 0 0
04C43170 0 1 0 0
04C43194 0 1 0 0
04C431B8 0 1 0 0
04C431DC 0 1 0 0
04C43200 0 1 0 0
04C43224 0 1 0 0
04C43248 0 1 0 0
04C4326C 0 1 0 0
04C43290 0 1 0 0
04C432B4 0 1 0 0
04C432D8 0 1 0 0
04C432FC 0 1 0 0
04C43320 0 1 0 0
04C43344 0 1 0 0
04C43368 0 1 0 0
04C4338C 0 1 0 0
04C433B0 0 1 0 0
04C4345C 0 1 0 0
04C43480 0 1 0 0
04C434A4 0 1 0 0
04C434C8 0 1 0 0
04C434EC 0 1 0 0
04C43510 0 1 0 0
04C43534 0 1 0 0
04C43558 0 1 0 0
04C4357C 0 1 0 0
04C435A0 0 1 0 0
04C435C4 0 1 0 0
04C435E8 0 1 0 0
04C4360C 0 1 0 0
04C43630 0 1 0 0
04C43654 0 1 0 0
04C43678 0 1 0 0
04C4369C 0 1 0 0
04C436C0 0 1 0 0
04C436E4 0 1 0 0
04C43708 0 1 0 0
04C4372C 0 1 0 0
04C43750 0 1 0 0
04C43774 0 1 0 0
04C43798 0 1 0 0
04C437BC 0 1 0 0
04C437E0 0 1 0 0
04C43804 0 1 0 0
04C43828 0 1 0 0
04C4384C 0 1 0 0
04C43870 0 1 0 0
04C43894 0 1 0 0
04C438B8 0 1 0 0
04C438DC 0 1 0 0
04C43900 0 1 0 0
04C43924 0 1 0 0
04C43948 0 1 0 0
04C4396C 0 1 0 0
04C43990 0 1 0 0
04C439B4 0 1 0 0
04C439D8 0 1 0 0
04C439FC 0 1 0 0
04C43A20 0 1 0 0
04C43A44 0 1 0 0
04C43A68 0 1 0 0
04C43A8C 0 1 0 0
04C43AB0 0 1 0 0
04C43AD4 0 1 0 0
04C43AF8 0 1 0 0
04C43B1C 0 1 0 0
04C43B40 0 1 0 0
04C43B64 0 1 0 0
04C43B88 0 1 0 0
04C43BAC 0 1 0 0
04C43BD0 0 1 0 0
04C43BF4 0 1 0 0
04C43C18 0 1 0 0
04C43C3C 0 1 0 0
04C43C60 0 1 0 0
04C43C84 0 1 0 0
04C43CA8 0 1 0 0
04C43D54 0 1 0 0
04C43D78 0 1 0 0
04C43D9C 0 1 0 0
04C43DC0 0 1 0 0
04C43DE4 0 1 0 0
04C43E08 0 1 0 0
04C43E2C 0 1 0 0
04C43E50 0 1 0 0
04C43E74 0 1 0 0
04C43E98 0 1 0 0
04C43EBC 0 1 0 0
04C43EE0 0 1 0 0
04C43F04 0 1 0 0
04C43F28 0 1 0 0
04C43F4C 0 1 0 0
04C43F70 0 1 0 0
04C43F94 0 1 0 0
04C43FB8 0 1 0 0
04C43FDC 0 1 0 0
04C44000 0 1 0 0
04C44024 0 1 0 0
04C44048 0 1 0 0
04C4406C 0 1 0 0
04C44090 0 1 0 0
04C440B4 0 1 0 0
04C440D8 0 1 0 0
04C440FC 0 1 0 0
04C44120 0 1 0 0
04C44144 0 1 0 0
04C44168 0 1 0 0
04C4418C 0 1 0 0
04C441B0 0 1 0 0
04C441D4 0 1 0 0
04C441F8 0 1 0 0
04C4421C 0 1 0 0
04C44240 0 1 0 0
04C44264 0 1 0 0
04C44288 0 1 0 0
04C442AC 0 1 0 0
04C442D0 0 1 0 0
04C442F4 0 1 0 0
04C44318 0 1 0 0
04C4433C 0 1 0 0
04C44360 0 1 0 0
04C44384 0 1 0 0
04C443A8 0 1 0 0
04C443CC 0 1 0 0
04C443F0 0 1 0 0
04C44414 0 1 0 0
04C44438 0 1 0 0
04C4445C 0 1 0 0
04C44480 0 1 0 0
04C444A4 0 1 0 0
04C444C8 0 1 0 0
04C444EC 0 1 0 0
04C44510 0 1 0 0
04C44534 0 1 0 0
04C44558 0 1 0 0
04C4457C 0 1 0 0
04C445A0 0 1 0 0
04C4464C 0 1 0 0
04C44670 0 1 0 0
04C44694 0 1 0 0
04C446B8 0 1 0 0
04C446DC 0 1 0 0
04C44700 0 1 0 0
04C44724 0 1 0 0
04C44748 0 1 0 0
04C4476C 0 1 0 0
04C44790 0 1 0 0
04C447B4 0 1 0 0
04C447D8 0 1 0 0
04C447FC 0 1 0 0
04C44820 0 1 0 0
04C44844 0 1 0 0
04C44868 0 1 0 0
04C4488C 0 1 0 0
04C448B0 0 1 0 0
04C448D4 0 1 0 0
04C448F8 0 1 0 0
04C4491C 0 1 0 0
04C44940 0 1 0 0
04C44964 0 1 0 0
04C44988 0 1 0 0
04C449AC 0 1 0 0
04C449D0 0 1 0 0
04C449F4 0 1 0 0
04C44A18 0 1 0 0
04C44A3C 0 1 0 0
04C44A60 0 1 0 0
04C44A84 0 1 0 0
04C44AA8 0 1 0 0
04C44ACC 0 1 0 0
04C44AF0 0 1 0 0
04C44B14 0 1 0 0
04C44B38 0 1 0 0
04C44B5C 0 1 0 0
04C44B80 0 1 0 0
04C44BA4 0 1 0 0
04C44BC8 0 1 0 0
04C44BEC 0 1 0 0
04C44C10 0 1 0 0
04C44C34 0 1 0 0
04C44C58 0 1 0 0
04C44C7C 0 1 0 0
04C44CA0 0 1 0 0
04C44CC4 0 1 0 0
04C44CE8 0 1 0 0
04C44D0C 0 1 0 0
04C44D30 0 1 0 0
04C44D54 0 1 0 0
04C44D78 0 1 0 0
04C44D9C 0 1 0 0
04C44DC0 0 1 0 0
04C44DE4 0 1 0 0
04C44E08 0 1 0 0
04C44E2C 0 1 0 0
04C44E50 0 1 0 0
04C44E74 0 1 0 0
04C44E98 0 1 0 0
04C44F44 0 1 0 0
04C44F68 0 1 0 0
04C44F8C 0 1 0 0
04C44FB0 0 1 0 0
04C44FD4 0 1 0 0
04C44FF8 0 1 0 0
04C4501C 0 1 0 0
04C45040 0 1 0 0
04C45064 0 1 0 0
04C45088 0 1 0 0
04C450AC 0 1 0 0
04C450D0 0 1 0 0
04C450F4 0 1 0 0
04C45118 0 1 0 0
04C4513C 0 1 0 0
04C45160 0 1 0 0
04C45184 0 1 0 0
04C451A8 0 1 0 0
04C451CC 0 1 0 0
04C451F0 0 1 0 0
04C45214 0 1 0 0
04C45238 0 1 0 0
04C4525C 0 1 0 0
04C45280 0 1 0 0
04C452A4 0 1 0 0
04C452C8 0 1 0 0
04C452EC 0 1 0 0
04C45310 0 1 0 0
04C45334 0 1 0 0
04C45358 0 1 0 0
04C4537C 0 1 0 0
04C453A0 0 1 0 0
04C453C4 0 1 0 0
04C453E8 0 1 0 0
04C4540C 0 1 0 0
04C45430 0 1 0 0
04C45454 0 1 0 0
04C45478 0 1 0 0
04C4549C 0 1 0 0
04C454C0 0 1 0 0
04C454E4 0 1 0 0
04C45508 0 1 0 0
04C4552C 0 1 0 0
04C45550 0 1 0 0
04C45574 0 1 0 0
04C45598 0 1 0 0
04C455BC 0 1 0 0
04C455E0 0 1 0 0
04C45604 0 1 0 0
04C45628 0 1 0 0
04C4564C 0 1 0 0
04C45670 0 1 0 0
04C45694 0 1 0 0
04C456B8 0 1 0 0
04C456DC 0 1 0 0
04C45700 0 1 0 0
04C45724 0 1 0 0
04C45748 0 1 0 0
04C4576C 0 1 0 0
04C45790 0 1 0 0
04C4583C 0 1 0 0
04C45860 0 1 0 0
04C45884 0 1 0 0
04C458A8 0 1 0 0
04C458CC 0 1 0 0
04C458F0 0 1 0 0
04C45914 0 1 0 0
04C45938 0 1 0 0
04C4595C 0 1 0 0
04C45980 0 1 0 0
04C459A4 0 1 0 0
04C459C8 0 1 0 0
04C459EC 0 1 0 0
04C45A10 0 1 0 0
04C45A34 0 1 0 0
04C45A58 0 1 0 0
04C45A7C 0 1 0 0
04C45AA0 0 1 0 0
04C45AC4 0 1 0 0
04C45AE8 0 1 0 0
04C45B0C 0 1 0 0
04C45B30 0 1 0 0
04C45B54 0 1 0 0
04C45B78 0 1 0 0
04C45B9C 0 1 0 0
04C45BC0 0 1 0 0
04C45BE4 0 1 0 0
04C45C08 0 1 0 0
04C45C2C 0 1 0 0
04C45C50 0 1 0 0
04C45C74 0 1 0 0
04C45C98 0 1 0 0
04C45CBC 0 1 0 0
04C45CE0 0 1 0 0
04C45D04 0 1 0 0
04C45D28 0 1 0 0
04C45D4C 0 1 0 0
04C45D70 0 1 0 0
04C45D94 0 1 0 0
04C45DB8 0 1 0 0
04C45DDC 0 1 0 0
04C45E00 0 1 0 0
04C45E24 0 1 0 0
04C45E48 0 1 0 0
04C45E6C 0 1 0 0
04C45E90 0 1 0 0
04C45EB4 0 1 0 0
04C45ED8 0 1 0 0
04C45EFC 0 1 0 0
04C45F20 0 1 0 0
04C45F44 0 1 0 0
04C45F68 0 1 0 0
04C45F8C 0 1 0 0
04C45FB0 0 1 0 0
04C45FD4 0 1 0 0
04C45FF8 0 1 0 0
04C4601C 0 1 0 0
04C46040 0 1 0 0
04C46064 0 1 0 0
04C46088 0 1 0 0
04C46134 0 1 0 0
04C46158 0 1 0 0
04C4617C 0 1 0 0
04C461A0 0 1 0 0
04C461C4 0 1 0 0
04C461E8 0 1 0 0
04C4620C 0 1 0 0
04C46230 0 1 0 0
04C46254 0 1 0 0
04C46278 0 1 0 0
04C4629C 0 1 0 0
04C462C0 0 1 0 0
04C462E4 0 1 0 0
04C46308 0 1 0 0
04C4632C 0 1 0 0
04C46350 0 1 0 0
04C46374 0 1 0 0
04C46398 0 1 0 0
04C463BC 0 1 0 0
04C463E0 0 1 0 0
04C46404 0 1 0 0
04C46428 0 1 0 0
04C4644C 0 1 0 0
04C46470 0 1 0 0
04C46494 0 1 0 0
04C464B8 0 1 0 0
04C464DC 0 1 0 0
04C46500 0 1 0 0
04C46524 0 1 0 0
04C46548 0 1 0 0
04C4656C 0 1 0 0
04C46590 0 1 0 0
04C465B4 0 1 0 0
04C465D8 0 1 0 0
04C465FC 0 1 0 0
04C46620 0 1 0 0
04C46644 0 1 0 0
04C46668 0 1 0 0
04C4668C 0 1 0 0
04C466B0 0 1 0 0
04C466D4 0 1 0 0
04C466F8 0 1 0 0
04C4671C 0 1 0 0
04C46740 0 1 0 0
04C46764 0 1 0 0
04C46788 0 1 0 0
04C467AC 0 1 0 0
04C467D0 0 1 0 0
04C467F4 0 1 0 0
04C46818 0 1 0 0
04C4683C 0 1 0 0
04C46860 0 1 0 0
04C46884 0 1 0 0
04C468A8 0 1 0 0
04C468CC 0 1 0 0
04C468F0 0 1 0 0
04C46914 0 1 0 0
04C46938 0 1 0 0
04C4695C 0 1 0 0
04C46980 0 1 0 0
04C46A2C 0 1 0 0
04C46A50 0 1 0 0
04C46A74 0 1 0 0
04C46A98 0 1 0 0
04C46ABC 0 1 0 0
04C46AE0 0 1 0 0
04C46B04 0 1 0 0
04C46B28 0 1 0 0
04C46B4C 0 1 0 0
04C46B70 0 1 0 0
04C46B94 0 1 0 0
04C46BB8 0 1 0 0
04C46BDC 0 1 0 0
04C46C00 0 1 0 0
04C46C24 0 1 0 0
04C46C48 0 1 0 0
04C46C6C 0 1 0 0
04C46C90 0 1 0 0
04C46CB4 0 1 0 0
04C46CD8 0 1 0 0
04C46CFC 0 1 0 0
04C46D20 0 1 0 0
04C46D44 0 1 0 0
04C46D68 0 1 0 0
04C46D8C 0 1 0 0
04C46DB0 0 1 0 0
04C46DD4 0 1 0 0
04C46DF8 0 1 0 0
04C46E1C 0 1 0 0
04C46E40 0 1 0 0
04C46E64 0 1 0 0
04C46E88 0 1 0 0
04C46EAC 0 1 0 0
04C46ED0 0 1 0 0
04C46EF4 0 1 0 0
04C46F18 0 1 0 0
04C46F3C 0 1 0 0
04C46F60 0 1 0 0
04C46F84 0 1 0 0
04C46FA8 0 1 0 0
04C46FCC 0 1 0 0
04C46FF0 0 1 0 0
04C47014 0 1 0 0
04C47038 0 1 0 0
04C4705C 0 1 0 0
04C47080 0 1 0 0
04C470A4 0 1 0 0
04C470C8 0 1 0 0
04C470EC 0 1 0 0
04C47110 0 1 0 0
04C47134 0 1 0 0
04C47158 0 1 0 0
04C4717C 0 1 0 0
04C471A0 0 1 0 0
04C471C4 0 1 0 0
04C471E8 0 1 0 0
04C4720C 0 1 0 0
04C47230 0 1 0 0
04C47254 0 1 0 0
04C47278 0 1 0 0
04C47324 0 1 0 0
04C47348 0 1 0 0
04C4736C 0 1 0 0
04C47390 0 1 0 0
04C473B4 0 1 0 0
04C473D8 0 1 0 0
04C473FC 0 1 0 0
04C47420 0 1 0 0
04C47444 0 1 0 0
04C47468 0 1 0 0
04C4748C 0 1 0 0
04C474B0 0 1 0 0
04C474D4 0 1 0 0
04C474F8 0 1 0 0
04C4751C 0 1 0 0
04C47540 0 1 0 0
04C47564 0 1 0 0
04C47588 0 1 0 0
04C475AC 0 1 0 0
04C475D0 0 1 0 0
04C475F4 0 1 0 0
04C47618 0 1 0 0
04C4763C 0 1 0 0
04C47660 0 1 0 0
04C47684 0 1 0 0
04C476A8 0 1 0 0
04C476CC 0 1 0 0
04C476F0 0 1 0 0
04C47714 0 1 0 0
04C47738 0 1 0 0
04C4775C 0 1 0 0
04C47780 0 1 0 0
04C477A4 0 1 0 0
04C477C8 0 1 0 0
04C477EC 0 1 0 0
04C47810 0 1 0 0
04C47834 0 1 0 0
04C47858 0 1 0 0
04C4787C 0 1 0 0
04C478A0 0 1 0 0
04C478C4 0 1 0 0
04C478E8 0 1 0 0
04C4790C 0 1 0 0
04C47930 0 1 0 0
04C47954 0 1 0 0
04C47978 0 1 0 0
04C4799C 0 1 0 0
04C479C0 0 1 0 0
04C479E4 0 1 0 0
04C47A08 0 1 0 0
04C47A2C 0 1 0 0
04C47A50 0 1 0 0
04C47A74 0 1 0 0
04C47A98 0 1 0 0
04C47ABC 0 1 0 0
04C47AE0 0 1 0 0
04C47B04 0 1 0 0
04C47B28 0 1 0 0
04C47B4C 0 1 0 0
04C47B70 0 1 0 0
04C47C1C 0 1 0 0
04C47C40 0 1 0 0
04C47C64 0 1 0 0
04C47C88 0 1 0 0
04C47CAC 0 1 0 0
04C47CD0 0 1 0 0
04C47CF4 0 1 0 0
04C47D18 0 1 0 0
04C47D3C 0 1 0 0
04C47D60 0 1 0 0
04C47D84 0 1 0 0
04C47DA8 0 1 0 0
04C47DCC 0 1 0 0
04C47DF0 0 1 0 0
04C47E14 0 1 0 0
04C47E38 0 1 0 0
04C47E5C 0 1 0 0
04C47E80 0 1 0 0
04C47EA4 0 1 0 0
04C47EC8 0 1 0 0
04C47EEC 0 1 0 0
04C47F10 0 1 0 0
04C47F34 0 1 0 0
04C47F58 0 1 0 0
04C47F7C 0 1 0 0
04C47FA0 0 1 0 0
04C47FC4 0 1 0 0
04C47FE8 0 1 0 0
04C4800C 0 1 0 0
04C48030 0 1 0 0
04C48054 0 1 0 0
04C48078 0 1 0 0
04C4809C 0 1 0 0
04C480C0 0 1 0 0
04C480E4 0 1 0 0
04C48108 0 1 0 0
04C4812C 0 1 0 0
04C48150 0 1 0 0
04C48174 0 1 0 0
04C48198 0 1 0 0
04C481BC 0 1 0 0
04C481E0 0 1 0 0
04C48204 0 1 0 0
04C48228 0 1 0 0
04C4824C 0 1 0 0
04C48270 0 1 0 0
04C48294 0 1 0 0
04C482B8 0 1 0 0
04C482DC 0 1 0 0
04C48300 0 1 0 0
04C48324 0 1 0 0
04C48348 0 1 0 0
04C4836C 0 1 0 0
04C48390 0 1 0 0
04C483B4 0 1 0 0
04C483D8 0 1 0 0
04C483FC 0 1 0 0
04C48420 0 1 0 0
04C48444 0 1 0 0
04C48468 0 1 0 0
04C48514 0 1 0 0
04C48538 0 1 0 0
04C4855C 0 1 0 0
04C48580 0 1 0 0
04C485A4 0 1 0 0
04C485C8 0 1 0 0
04C485EC 0 1 0 0
04C48610 0 1 0 0
04C48634 0 1 0 0
04C48658 0 1 0 0
04C4867C 0 1 0 0
04C486A0 0 1 0 0
04C486C4 0 1 0 0
04C486E8 0 1 0 0
04C4870C 0 1 0 0
04C48730 0 1 0 0
04C48754 0 1 0 0
04C48778 0 1 0 0
04C4879C 0 1 0 0
04C487C0 0 1 0 0
04C487E4 0 1 0 0
04C48808 0 1 0 0
04C4882C 0 1 0 0
04C48850 0 1 0 0
04C48874 0 1 0 0
04C48898 0 1 0 0
04C488BC 0 1 0 0
04C488E0 0 1 0 0
04C48904 0 1 0 0
04C48928 0 1 0 0
04C4894C 0 1 0 0
04C48970 0 1 0 0
04C48994 0 1 0 0
04C489B8 0 1 0 0
04C489DC 0 1 0 0
04C48A00 0 1 0 0
04C48A24 0 1 0 0
04C48A48 0 1 0 0
04C48A6C 0 1 0 0
04C48A90 0 1 0 0
04C48AB4 0 1 0 0
04C48AD8 0 1 0 0
04C48AFC 0 1 0 0
04C48B20 0 1 0 0
04C48B44 0 1 0 0
04C48B68 0 1 0 0
04C48B8C 0 1 0 0
04C48BB0 0 1 0 0
04C48BD4 0 1 0 0
04C48BF8 0 1 0 0
04C48C1C 0 1 0 0
04C48C40 0 1 0 0
04C48C64 0 1 0 0
04C48C88 0 1 0 0
04C48CAC 0 1 0 0
04C48CD0 0 1 0 0
04C48CF4 0 1 0 0
04C48D18 0 1 0 0
04C48D3C 0 1 0 0
04C48D60 0 1 0 0
04C48E0C 0 1 0 0
04C48E30 0 1 0 0
04C48E54 0 1 0 0
04C48E78 0 1 0 0
04C48E9C 0 1 0 0
04C48EC0 0 1 0 0
04C48EE4 0 1 0 0
04C48F08 0 1 0 0
04C48F2C 0 1 0 0
04C48F50 0 1 0 0
04C48F74 0 1 0 0
04C48F98 0 1 0 0
04C48FBC 0 1 0 0
04C48FE0 0 1 0 0
04C49004 0 1 0 0
04C49028 0 1 0 0
04C4904C 0 1 0 0
04C49070 0 1 0 0
04C49094 0 1 0 0
04C490B8 0 1 0 0
04C490DC 0 1 0 0
04C49100 0 1 0 0
04C49124 0 1 0 0
04C49148 0 1 0 0
04C4916C 0 1 0 0
04C49190 0 1 0 0
04C491B4 0 1 0 0
04C491D8 0 1 0 0
04C491FC 0 1 0 0
04C49220 0 1 0 0
04C49244 0 1 0 0
04C49268 0 1 0 0
04C4928C 0 1 0 0
04C492B0 0 1 0 0
04C492D4 0 1 0 0
04C492F8 0 1 0 0
04C4931C 0 1 0 0
04C49340 0 1 0 0
04C49364 0 1 0 0
04C49388 0 1 0 0
04C493AC 0 1 0 0
04C493D0 0 1 0 0
04C493F4 0 1 0 0
04C49418 0 1 0 0
04C4943C 0 1 0 0
04C49460 0 1 0 0
04C49484 0 1 0 0
04C494A8 0 1 0 0
04C494CC 0 1 0 0
04C494F0 0 1 0 0
04C49514 0 1 0 0
04C49538 0 1 0 0
04C4955C 0 1 0 0
04C49580 0 1 0 0
04C495A4 0 1 0 0
04C495C8 0 1 0 0
04C495EC 0 1 0 0
04C49610 0 1 0 0
04C49634 0 1 0 0
04C49658 0 1 0 0
04C49704 0 1 0 0
04C49728 0 1 0 0
04C4974C 0 1 0 0
04C49770 0 1 0 0
04C49794 0 1 0 0
04C497B8 0 1 0 0
04C497DC 0 1 0 0
04C49800 0 1 0 0
04C49824 0 1 0 0
04C49848 0 1 0 0
04C4986C 0 1 0 0
04C49890 0 1 0 0
04C498B4 0 1 0 0
04C498D8 0 1 0 0
04C498FC 0 1 0 0
04C49920 0 1 0 0
04C49944 0 1 0 0
04C49968 0 1 0 0
04C4998C 0 1 0 0
04C499B0 0 1 0 0
04C499D4 0 1 0 0
04C499F8 0 1 0 0
04C49A1C 0 1 0 0
04C49A40 0 1 0 0
04C49A64 0 1 0 0
04C49A88 0 1 0 0
04C49AAC 0 1 0 0
04C49AD0 0 1 0 0
04C49AF4 0 1 0 0
04C49B18 0 1 0 0
04C49B3C 0 1 0 0
04C49B60 0 1 0 0
04C49B84 0 1 0 0
04C49BA8 0 1 0 0
04C49BCC 0 1 0 0
04C49BF0 0 1 0 0
04C49C14 0 1 0 0
04C49C38 0 1 0 0
04C49C5C 0 1 0 0
04C49C80 0 1 0 0
04C49CA4 0 1 0 0
04C49CC8 0 1 0 0
04C49CEC 0 1 0 0
04C49D10 0 1 0 0
04C49D34 0 1 0 0
04C49D58 0 1 0 0
04C49D7C 0 1 0 0
04C49DA0 0 1 0 0
04C49DC4 0 1 0 0
04C49DE8 0 1 0 0
04C49E0C 0 1 0 0
04C49E30 0 1 0 0
04C49E54 0 1 0 0
04C49E78 0 1 0 0
04C49E9C 0 1 0 0
04C49EC0 0 1 0 0
04C49EE4 0 1 0 0
04C49F08 0 1 0 0
04C49F2C 0 1 0 0
04C49F50 0 1 0 0
04C4A004 0 1 0 0
04C4A028 0 1 0 0
04C4A04C 0 1 0 0
04C4A070 0 1 0 0
04C4A094 0 1 0 0
04C4A0B8 0 1 0 0
04C4A0DC 0 1 0 0
04C4A100 0 1 0 0
04C4A124 0 1 0 0
04C4A148 0 1 0 0
04C4A16C 0 1 0 0
04C4A190 0 1 0 0
04C4A1B4 0 1 0 0
04C4A1D8 0 1 0 0
04C4A1FC 0 1 0 0
04C4A220 0 1 0 0
04C4A244 0 1 0 0
04C4A268 0 1 0 0
04C4A28C 0 1 0 0
04C4A2B0 0 1 0 0
04C4A2D4 0 1 0 0
04C4A2F8 0 1 0 0
04C4A31C 0 1 0 0
04C4A340 0 1 0 0
04C4A364 0 1 0 0
04C4A388 0 1 0 0
04C4A3AC 0 1 0 0
04C4A3D0 0 1 0 0
04C4A3F4 0 1 0 0
04C4A418 0 1 0 0
04C4A43C 0 1 0 0
04C4A460 0 1 0 0
04C4A484 0 1 0 0
04C4A4A8 0 1 0 0
04C4A4CC 0 1 0 0
04C4A4F0 0 1 0 0
04C4A514 0 1 0 0
04C4A538 0 1 0 0
04C4A55C 0 1 0 0
04C4A580 0 1 0 0
04C4A5A4 0 1 0 0
04C4A5C8 0 1 0 0
04C4A5EC 0 1 0 0
04C4A610 0 1 0 0
04C4A634 0 1 0 0
04C4A658 0 1 0 0
04C4A67C 0 1 0 0
04C4A6A0 0 1 0 0
04C4A6C4 0 1 0 0
04C4A6E8 0 1 0 0
04C4A70C 0 1 0 0
04C4A730 0 1 0 0
04C4A754 0 1 0 0
04C4A778 0 1 0 0
04C4A79C 0 1 0 0
04C4A7C0 0 1 0 0
04C4A7E4 0 1 0 0
04C4A808 0 1 0 0
04C4A82C 0 1 0 0
04C4A850 0 1 0 0
04C4A8FC 0 1 0 0
04C4A920 0 1 0 0
04C4A944 0 1 0 0
04C4A968 0 1 0 0
04C4A98C 0 1 0 0
04C4A9B0 0 1 0 0
04C4A9D4 0 1 0 0
04C4A9F8 0 1 0 0
04C4AA1C 0 1 0 0
04C4AA40 0 1 0 0
04C4AA64 0 1 0 0
04C4AA88 0 1 0 0
04C4AAAC 0 1 0 0
04C4AAD0 0 1 0 0
04C4AAF4 0 1 0 0
04C4AB18 0 1 0 0
04C4AB3C 0 1 0 0
04C4AB60 0 1 0 0
04C4AB84 0 1 0 0
04C4ABA8 0 1 0 0
04C4ABCC 0 1 0 0
04C4ABF0 0 1 0 0
04C4AC14 0 1 0 0
04C4AC38 0 1 0 0
04C4AC5C 0 1 0 0
04C4AC80 0 1 0 0
04C4ACA4 0 1 0 0
04C4ACC8 0 1 0 0
04C4ACEC 0 1 0 0
04C4AD10 0 1 0 0
04C4AD34 0 1 0 0
04C4AD58 0 1 0 0
04C4AD7C 0 1 0 0
04C4ADA0 0 1 0 0
04C4ADC4 0 1 0 0
04C4ADE8 0 1 0 0
04C4AE0C 0 1 0 0
04C4AE30 0 1 0 0
04C4AE54 0 1 0 0
04C4AE78 0 1 0 0
04C4AE9C 0 1 0 0
04C4AEC0 0 1 0 0
04C4AEE4 0 1 0 0
04C4AF08 0 1 0 0
04C4AF2C 0 1 0 0
04C4AF50 0 1 0 0
04C4AF74 0 1 0 0
04C4AF98 0 1 0 0
04C4AFBC 0 1 0 0
04C4AFE0 0 1 0 0
04C4B004 0 1 0 0
04C4B028 0 1 0 0
04C4B04C 0 1 0 0
04C4B070 0 1 0 0
04C4B094 0 1 0 0
04C4B0B8 0 1 0 0
04C4B0DC 0 1 0 0
04C4B100 0 1 0 0
04C4B124 0 1 0 0
04C4B148 0 1 0 0
04C4B1F4 0 1 0 0
04C4B218 0 1 0 0
04C4B23C 0 1 0 0
04C4B260 0 1 0 0
04C4B284 0 1 0 0
04C4B2A8 0 1 0 0
04C4B2CC 0 1 0 0
04C4B2F0 0 1 0 0
04C4B314 0 1 0 0
04C4B338 0 1 0 0
04C4B35C 0 1 0 0
04C4B380 0 1 0 0
04C4B3A4 0 1 0 0
04C4B3C8 0 1 0 0
04C4B3EC 0 1 0 0
04C4B410 0 1 0 0
04C4B434 0 1 0 0
04C4B458 0 1 0 0
04C4B47C 0 1 0 0
04C4B4A0 0 1 0 0
04C4B4C4 0 1 0 0
04C4B4E8 0 1 0 0
04C4B50C 0 1 0 0
04C4B530 0 1 0 0
04C4B554 0 1 0 0
04C4B578 0 1 0 0
04C4B59C 0 1 0 0
04C4B5C0 0 1 0 0
04C4B5E4 0 1 0 0
04C4B608 0 1 0 0
04C4B62C 0 1 0 0
04C4B650 0 1 0 0
04C4B674 0 1 0 0
04C4B698 0 1 0 0
04C4B6BC 0 1 0 0
04C4B6E0 0 1 0 0
04C4B704 0 1 0 0
04C4B728 0 1 0 0
04C4B74C 0 1 0 0
04C4B770 0 1 0 0
04C4B794 0 1 0 0
04C4B7B8 0 1 0 0
04C4B7DC 0 1 0 0
04C4B800 0 1 0 0
04C4B824 0 1 0 0
04C4B848 0 1 0 0
04C4B86C 0 1 0 0
04C4B890 0 1 0 0
04C4B8B4 0 1 0 0
04C4B8D8 0 1 0 0
04C4B8FC 0 1 0 0
04C4B920 0 1 0 0
04C4B944 0 1 0 0
04C4B968 0 1 0 0
04C4B98C 0 1 0 0
04C4B9B0 0 1 0 0
04C4B9D4 0 1 0 0
04C4B9F8 0 1 0 0
04C4BA1C 0 1 0 0
04C4BA40 0 1 0 0
04C4BAEC 0 1 0 0
04C4BB10 0 1 0 0
04C4BB34 0 1 0 0
04C4BB58 0 1 0 0
04C4BB7C 0 1 0 0
04C4BBA0 0 1 0 0
04C4BBC4 0 1 0 0
04C4BBE8 0 1 0 0
04C4BC0C 0 1 0 0
04C4BC30 0 1 0 0
04C4BC54 0 1 0 0
04C4BC78 0 1 0 0
04C4BC9C 0 1 0 0
04C4BCC0 0 1 0 0
04C4BCE4 0 1 0 0
04C4BD08 0 1 0 0
04C4BD2C 0 1 0 0
04C4BD50 0 1 0 0
04C4BD74 0 1 0 0
04C4BD98 0 1 0 0
04C4BDBC 0 1 0 0
04C4BDE0 0 1 0 0
04C4BE04 0 1 0 0
04C4BE28 0 1 0 0
04C4BE4C 0 1 0 0
04C4BE70 0 1 0 0
04C4BE94 0 1 0 0
04C4BEB8 0 1 0 0
04C4BEDC 0 1 0 0
04C4BF00 0 1 0 0
04C4BF24 0 1 0 0
04C4BF48 0 1 0 0
04C4BF6C 0 1 0 0
04C4BF90 0 1 0 0
04C4BFB4 0 1 0 0
04C4BFD8 0 1 0 0
04C4BFFC 0 1 0 0
04C4C020 0 1 0 0
04C4C044 0 1 0 0
04C4C068 0 1 0 0
04C4C08C 0 1 0 0
04C4C0B0 0 1 0 0
04C4C0D4 0 1 0 0
04C4C0F8 0 1 0 0
04C4C11C 0 1 0 0
04C4C140 0 1 0 0
04C4C164 0 1 0 0
04C4C188 0 1 0 0
04C4C1AC 0 1 0 0
04C4C1D0 0 1 0 0
04C4C1F4 0 1 0 0
04C4C218 0 1 0 0
04C4C23C 0 1 0 0
04C4C260 0 1 0 0
04C4C284 0 1 0 0
04C4C2A8 0 1 0 0
04C4C2CC 0 1 0 0
04C4C2F0 0 1 0 0
04C4C314 0 1 0 0
04C4C338 0 1 0 0
04C4C3E4 0 1 0 0
04C4C408 0 1 0 0
04C4C42C 0 1 0 0
04C4C450 0 1 0 0
04C4C474 0 1 0 0
04C4C498 0 1 0 0
04C4C4BC 0 1 0 0
04C4C4E0 0 1 0 0
04C4C504 0 1 0 0
04C4C528 0 1 0 0
04C4C54C 0 1 0 0
04C4C570 0 1 0 0
04C4C594 0 1 0 0
04C4C5B8 0 1 0 0
04C4C5DC 0 1 0 0
04C4C600 0 1 0 0
04C4C624 0 1 0 0
04C4C648 0 1 0 0
04C4C66C 0 1 0 0
04C4C690 0 1 0 0
04C4C6B4 0 1 0 0
04C4C6D8 0 1 0 0
04C4C6FC 0 1 0 0
04C4C720 0 1 0 0
04C4C744 0 1 0 0
04C4C768 0 1 0 0
04C4C78C 0 1 0 0
04C4C7B0 0 1 0 0
04C4C7D4 0 1 0 0
04C4C7F8 0 1 0 0
04C4C81C 0 1 0 0
04C4C840 0 1 0 0
04C4C864 0 1 0 0
04C4C888 0 1 0 0
04C4C8AC 0 1 0 0
04C4C8D0 0 1 0 0
04C4C8F4 0 1 0 0
04C4C918 0 1 0 0
04C4C93C 0 1 0 0
04C4C960 0 1 0 0
04C4C984 0 1 0 0
04C4C9A8 0 1 0 0
04C4C9CC 0 1 0 0
04C4C9F0 0 1 0 0
04C4CA14 0 1 0 0
04C4CA38 0 1 0 0
04C4CA5C 0 1 0 0
04C4CA80 0 1 0 0
04C4CAA4 0 1 0 0
04C4CAC8 0 1 0 0
04C4CAEC 0 1 0 0
04C4CB10 0 1 0 0
04C4CB34 0 1 0 0
04C4CB58 0 1 0 0
04C4CB7C 0 1 0 0
04C4CBA0 0 1 0 0
04C4CBC4 0 1 0 0
04C4CBE8 0 1 0 0
04C4CC0C 0 1 0 0
04C4CC30 0 1 0 0
04C4CCDC 0 1 0 0
04C4CD00 0 1 0 0
04C4CD24 0 1 0 0
04C4CD48 0 1 0 0
04C4CD6C 0 1 0 0
04C4CD90 0 1 0 0
04C4CDB4 0 1 0 0
04C4CDD8 0 1 0 0
04C4CDFC 0 1 0 0
04C4CE20 0 1 0 0
04C4CE44 0 1 0 0
04C4CE68 0 1 0 0
04C4CE8C 0 1 0 0
04C4CEB0 0 1 0 0
04C4CED4 0 1 0 0
04C4CEF8 0 1 0 0
04C4CF1C 0 1 0 0
04C4CF40 0 1 0 0
04C4CF64 0 1 0 0
04C4CF88 0 1 0 0
04C4CFAC 0 1 0 0
04C4CFD0 0 1 0 0
04C4CFF4 0 1 0 0
04C4D018 0 1 0 0
04C4D03C 0 1 0 0
04C4D060 0 1 0 0
04C4D084 0 1 0 0
04C4D0A8 0 1 0 0
04C4D0CC 0 1 0 0
04C4D0F0 0 1 0 0
04C4D114 0 1 0 0
04C4D138 0 1 0 0
04C4D15C 0 1 0 0
04C4D180 0 1 0 0
04C4D1A4 0 1 0 0
04C4D1C8 0 1 0 0
04C4D1EC 0 1 0 0
04C4D210 0 1 0 0
04C4D234 0 1 0 0
04C4D258 0 1 0 0
04C4D27C 0 1 0 0
04C4D2A0 0 1 0 0
04C4D2C4 0 1 0 0
04C4D2E8 0 1 0 0
04C4D30C 0 1 0 0
04C4D330 0 1 0 0
04C4D354 0 1 0 0
04C4D378 0 1 0 0
04C4D39C 0 1 0 0
04C4D3C0 0 1 0 0
04C4D3E4 0 1 0 0
04C4D408 0 1 0 0
04C4D42C 0 1 0 0
04C4D450 0 1 0 0
04C4D474 0 1 0 0
04C4D498 0 1 0 0
04C4D4BC 0 1 0 0
04C4D4E0 0 1 0 0
04C4D504 0 1 0 0
04C4D528 0 1 0 0
04C4D5D4 0 1 0 0
04C4D5F8 0 1 0 0
04C4D61C 0 1 0 0
04C4D640 0 1 0 0
04C4D664 0 1 0 0
04C4D688 0 1 0 0
04C4D6AC 0 1 0 0
04C4D6D0 0 1 0 0
04C4D6F4 0 1 0 0
04C4D718 0 1 0 0
04C4D73C 0 1 0 0
04C4D760 0 1 0 0
04C4D784 0 1 0 0
04C4D7A8 0 1 0 0
04C4D7CC 0 1 0 0
04C4D7F0 0 1 0 0
04C4D814 0 1 0 0
04C4D838 0 1 0 0
04C4D85C 0 1 0 0
04C4D880 0 1 0 0
04C4D8A4 0 1 0 0
04C4D8C8 0 1 0 0
04C4D8EC 0 1 0 0
04C4D910 0 1 0 0
04C4D934 0 1 0 0
04C4D958 0 1 0 0
04C4D97C 0 1 0 0
04C4D9A0 0 1 0 0
04C4D9C4 0 1 0 0
04C4D9E8 0 1 0 0
04C4DA0C 0 1 0 0
04C4DA30 0 1 0 0
04C4DA54 0 1 0 0
04C4DA78 0 1 0 0
04C4DA9C 0 1 0 0
04C4DAC0 0 1 0 0
04C4DAE4 0 1 0 0
04C4DB08 0 1 0 0
04C4DB2C 0 1 0 0
04C4DB50 0 1 0 0
04C4DB74 0 1 0 0
04C4DB98 0 1 0 0
04C4DBBC 0 1 0 0
04C4DBE0 0 1 0 0
04C4DC04 0 1 0 0
04C4DC28 0 1 0 0
04C4DC4C 0 1 0 0
04C4DC70 0 1 0 0
04C4DC94 0 1 0 0
04C4DCB8 0 1 0 0
04C4DCDC 0 1 0 0
04C4DD00 0 1 0 0
04C4DD24 0 1 0 0
04C4DD48 0 1 0 0
04C4DD6C 0 1 0 0
04C4DD90 0 1 0 0
04C4DDB4 0 1 0 0
04C4DDD8 0 1 0 0
04C4DDFC 0 1 0 0
04C4DE20 0 1 0 0
04C4DECC 0 1 0 0
04C4DEF0 0 1 0 0
04C4DF14 0 1 0 0
04C4DF38 0 1 0 0
04C4DF5C 0 1 0 0
04C4DF80 0 1 0 0
04C4DFA4 0 1 0 0
04C4DFC8 0 1 0 0
04C4DFEC 0 1 0 0
04C4E010 0 1 0 0
04C4E034 0 1 0 0
04C4E058 0 1 0 0
04C4E07C 0 1 0 0
04C4E0A0 0 1 0 0
04C4E0C4 0 1 0 0
04C4E0E8 0 1 0 0
04C4E10C 0 1 0 0
04C4E130 0 1 0 0
04C4E154 0 1 0 0
04C4E178 0 1 0 0
04C4E19C 0 1 0 0
04C4E1C0 0 1 0 0
04C4E1E4 0 1 0 0
04C4E208 0 1 0 0
04C4E22C 0 1 0 0
04C4E250 0 1 0 0
04C4E274 0 1 0 0
04C4E298 0 1 0 0
04C4E2BC 0 1 0 0
04C4E2E0 0 1 0 0
04C4E304 0 1 0 0
04C4E328 0 1 0 0
04C4E34C 0 1 0 0
04C4E370 0 1 0 0
04C4E394 0 1 0 0
04C4E3B8 0 1 0 0
04C4E3DC 0 1 0 0
04C4E400 0 1 0 0
04C4E424 0 1 0 0
04C4E448 0 1 0 0
04C4E46C 0 1 0 0
04C4E490 0 1 0 0
04C4E4B4 0 1 0 0
04C4E4D8 0 1 0 0
04C4E4FC 0 1 0 0
04C4E520 0 1 0 0
04C4E544 0 1 0 0
04C4E568 0 1 0 0
04C4E58C 0 1 0 0
04C4E5B0 0 1 0 0
04C4E5D4 0 1 0 0
04C4E5F8 0 1 0 0
04C4E61C 0 1 0 0
04C4E640 0 1 0 0
04C4E664 0 1 0 0
04C4E688 0 1 0 0
04C4E6AC 0 1 0 0
04C4E6D0 0 1 0 0
04C4E6F4 0 1 0 0
04C4E718 0 1 0 0
04C4E7C4 0 1 0 0
04C4E7E8 0 1 0 0
04C4E80C 0 1 0 0
04C4E830 0 1 0 0
04C4E854 0 1 0 0
04C4E878 0 1 0 0
04C4E89C 0 1 0 0
04C4E8C0 0 1 0 0
04C4E8E4 0 1 0 0
04C4E908 0 1 0 0
04C4E92C 0 1 0 0
04C4E950 0 1 0 0
04C4E974 0 1 0 0
04C4E998 0 1 0 0
04C4E9BC 0 1 0 0
04C4E9E0 0 1 0 0
04C4EA04 0 1 0 0
04C4EA28 0 1 0 0
04C4EA4C 0 1 0 0
04C4EA70 0 1 0 0
04C4EA94 0 1 0 0
04C4EAB8 0 1 0 0
04C4EADC 0 1 0 0
04C4EB00 0 1 0 0
04C4EB24 0 1 0 0
04C4EB48 0 1 0 0
04C4EB6C 0 1 0 0
04C4EB90 0 1 0 0
04C4EBB4 0 1 0 0
04C4EBD8 0 1 0 0
04C4EBFC 0 1 0 0
04C4EC20 0 1 0 0
04C4EC44 0 1 0 0
04C4EC68 0 1 0 0
04C4EC8C 0 1 0 0
04C4ECB0 0 1 0 0
04C4ECD4 0 1 0 0
04C4ECF8 0 1 0 0
04C4ED1C 0 1 0 0
04C4ED40 0 1 0 0
04C4ED64 0 1 0 0
04C4ED88 0 1 0 0
04C4EDAC 0 1 0 0
04C4EDD0 0 1 0 0
04C4EDF4 0 1 0 0
04C4EE18 0 1 0 0
04C4EE3C 0 1 0 0
04C4EE60 0 1 0 0
04C4EE84 0 1 0 0
04C4EEA8 0 1 0 0
04C4EECC 0 1 0 0
04C4EEF0 0 1 0 0
04C4EF14 0 1 0 0
04C4EF38 0 1 0 0
04C4EF5C 0 1 0 0
04C4EF80 0 1 0 0
04C4EFA4 0 1 0 0
04C4EFC8 0 1 0 0
04C4EFEC 0 1 0 0
04C4F010 0 1 0 0
04C4F0BC 0 1 0 0
04C4F0E0 0 1 0 0
04C4F104 0 1 0 0
04C4F128 0 1 0 0
04C4F14C 0 1 0 0
04C4F170 0 1 0 0
04C4F194 0 1 0 0
04C4F1B8 0 1 0 0
04C4F1DC 0 1 0 0
04C4F200 0 1 0 0
04C4F224 0 1 0 0
04C4F248 0 1 0 0
04C4F26C 0 1 0 0
04C4F290 0 1 0 0
04C4F2B4 0 1 0 0
04C4F2D8 0 1 0 0
04C4F2FC 0 1 0 0
04C4F320 0 1 0 0
04C4F344 0 1 0 0
04C4F368 0 1 0 0
04C4F38C 0 1 0 0
04C4F3B0 0 1 0 0
04C4F3D4 0 1 0 0
04C4F3F8 0 1 0 0
04C4F41C 0 1 0 0
04C4F440 0 1 0 0
04C4F464 0 1 0 0
04C4F488 0 1 0 0
04C4F4AC 0 1 0 0
04C4F4D0 0 1 0 0
04C4F4F4 0 1 0 0
04C4F518 0 1 0 0
04C4F53C 0 1 0 0
04C4F560 0 1 0 0
04C4F584 0 1 0 0
04C4F5A8 0 1 0 0
04C4F5CC 0 1 0 0
04C4F5F0 0 1 0 0
04C4F614 0 1 0 0
04C4F638 0 1 0 0
04C4F65C 0 1 0 0
04C4F680 0 1 0 0
04C4F6A4 0 1 0 0
04C4F6C8 0 1 0 0
04C4F6EC 0 1 0 0
04C4F710 0 1 0 0
04C4F734 0 1 0 0
04C4F758 0 1 0 0
04C4F77C 0 1 0 0
04C4F7A0 0 1 0 0
04C4F7C4 0 1 0 0
04C4F7E8 0 1 0 0
04C4F80C 0 1 0 0
04C4F830 0 1 0 0
04C4F854 0 1 0 0
04C4F878 0 1 0 0
04C4F89C 0 1 0 0
04C4F8C0 0 1 0 0
04C4F8E4 0 1 0 0
04C4F908 0 1 0 0
04C4F9B4 0 1 0 0
04C4F9D8 0 1 0 0
04C4F9FC 0 1 0 0
04C4FA20 0 1 0 0
04C4FA44 0 1 0 0
04C4FA68 0 1 0 0
04C4FA8C 0 1 0 0
04C4FAB0 0 1 0 0
04C4FAD4 0 1 0 0
04C4FAF8 0 1 0 0
04C4FB1C 0 1 0 0
04C4FB40 0 1 0 0
04C4FB64 0 1 0 0
04C4FB88 0 1 0 0
04C4FBAC 0 1 0 0
04C4FBD0 0 1 0 0
04C4FBF4 0 1 0 0
04C4FC18 0 1 0 0
04C4FC3C 0 1 0 0
04C4FC60 0 1 0 0
04C4FC84 0 1 0 0
04C4FCA8 0 1 0 0
04C4FCCC 0 1 0 0
04C4FCF0 0 1 0 0
04C4FD14 0 1 0 0
04C4FD38 0 1 0 0
04C4FD5C 0 1 0 0
04C4FD80 0 1 0 0
04C4FDA4 0 1 0 0
04C4FDC8 0 1 0 0
04C4FDEC 0 1 0 0
04C4FE10 0 1 0 0
04C4FE34 0 1 0 0
04C4FE58 0 1 0 0
04C4FE7C 0 1 0 0
04C4FEA0 0 1 0 0
04C4FEC4 0 1 0 0
04C4FEE8 0 1 0 0
04C4FF0C 0 1 0 0
04C4FF30 0 1 0 0
04C4FF54 0 1 0 0
04C4FF78 0 1 0 0
04C4FF9C 0 1 0 0
04C4FFC0 0 1 0 0
04C4FFE4 0 1 0 0
04C50008 0 1 0 0
04C5002C 0 1 0 0
04C50050 0 1 0 0
04C50074 0 1 0 0
04C50098 0 1 0 0
04C500BC 0 1 0 0
04C500E0 0 1 0 0
04C50104 0 1 0 0
04C50128 0 1 0 0
04C5014C 0 1 0 0
04C50170 0 1 0 0
04C50194 0 1 0 0
04C501B8 0 1 0 0
04C501DC 0 1 0 0
04C50200 0 1 0 0
04C502AC 0 1 0 0
04C502D0 0 1 0 0
04C502F4 0 1 0 0
04C50318 0 1 0 0
04C5033C 0 1 0 0
04C50360 0 1 0 0
04C50384 0 1 0 0
04C503A8 0 1 0 0
04C503CC 0 1 0 0
04C503F0 0 1 0 0
04C50414 0 1 0 0
04C50438 0 1 0 0
04C5045C 0 1 0 0
04C50480 0 1 0 0
04C504A4 0 1 0 0
04C504C8 0 1 0 0
04C504EC 0 1 0 0
04C50510 0 1 0 0
04C50534 0 1 0 0
04C50558 0 1 0 0
04C5057C 0 1 0 0
04C505A0 0 1 0 0
04C505C4 0 1 0 0
04C505E8 0 1 0 0
04C5060C 0 1 0 0
04C50630 0 1 0 0
04C50654 0 1 0 0
04C50678 0 1 0 0
04C5069C 0 1 0 0
04C506C0 0 1 0 0
04C506E4 0 1 0 0
04C50708 0 1 0 0
04C5072C 0 1 0 0
04C50750 0 1 0 0
04C50774 0 1 0 0
04C50798 0 1 0 0
04C507BC 0 1 0 0
04C507E0 0 1 0 0
04C50804 0 1 0 0
04C50828 0 1 0 0
04C5084C 0 1 0 0
04C50870 0 1 0 0
04C50894 0 1 0 0
04C508B8 0 1 0 0
04C508DC 0 1 0 0
04C50900 0 1 0 0
04C50924 0 1 0 0
04C50948 0 1 0 0
04C5096C 0 1 0 0
04C50990 0 1 0 0
04C509B4 0 1 0 0
04C509D8 0 1 0 0
04C509FC 0 1 0 0
04C50A20 0 1 0 0
04C50A44 0 1 0 0
04C50A68 0 1 0 0
04C50A8C 0 1 0 0
04C50AB0 0 1 0 0
04C50AD4 0 1 0 0
04C50AF8 0 1 0 0
04C50BA4 0 1 0 0
04C50BC8 0 1 0 0
04C50BEC 0 1 0 0
04C50C10 0 1 0 0
04C50C34 0 1 0 0
04C50C58 0 1 0 0
04C50C7C 0 1 0 0
04C50CA0 0 1 0 0
04C50CC4 0 1 0 0
04C50CE8 0 1 0 0
04C50D0C 0 1 0 0
04C50D30 0 1 0 0
04C50D54 0 1 0 0
04C50D78 0 1 0 0
04C50D9C 0 1 0 0
04C50DC0 0 1 0 0
04C50DE4 0 1 0 0
04C50E08 0 1 0 0
04C50E2C 0 1 0 0
04C50E50 0 1 0 0
04C50E74 0 1 0 0
04C50E98 0 1 0 0
04C50EBC 0 1 0 0
04C50EE0 0 1 0 0
04C50F04 0 1 0 0
04C50F28 0 1 0 0
04C50F4C 0 1 0 0
04C50F70 0 1 0 0
04C50F94 0 1 0 0
04C50FB8 0 1 0 0
04C50FDC 0 1 0 0
04C51000 0 1 0 0
04C51024 0 1 0 0
04C51048 0 1 0 0
04C5106C 0 1 0 0
04C51090 0 1 0 0
04C510B4 0 1 0 0
04C510D8 0 1 0 0
04C510FC 0 1 0 0
04C51120 0 1 0 0
04C51144 0 1 0 0
04C51168 0 1 0 0
04C5118C 0 1 0 0
04C511B0 0 1 0 0
04C511D4 0 1 0 0
04C511F8 0 1 0 0
04C5121C 0 1 0 0
04C51240 0 1 0 0
04C51264 0 1 0 0
04C51288 0 1 0 0
04C512AC 0 1 0 0
04C512D0 0 1 0 0
04C512F4 0 1 0 0
04C51318 0 1 0 0
04C5133C 0 1 0 0
04C51360 0 1 0 0
04C51384 0 1 0 0
04C513A8 0 1 0 0
04C513CC 0 1 0 0
04C513F0 0 1 0 0
04C5149C 0 1 0 0
04C514C0 0 1 0 0
04C514E4 0 1 0 0
04C51508 0 1 0 0
04C5152C 0 1 0 0
04C51550 0 1 0 0
04C51574 0 1 0 0
04C51598 0 1 0 0
04C515BC 0 1 0 0
04C515E0 0 1 0 0
04C51604 0 1 0 0
04C51628 0 1 0 0
04C5164C 0 1 0 0
04C51670 0 1 0 0
04C51694 0 1 0 0
04C516B8 0 1 0 0
04C516DC 0 1 0 0
04C51700 0 1 0 0
04C51724 0 1 0 0
04C51748 0 1 0 0
04C5176C 0 1 0 0
04C51790 0 1 0 0
04C517B4 0 1 0 0
04C517D8 0 1 0 0
04C517FC 0 1 0 0
04C51820 0 1 0 0
04C51844 0 1 0 0
04C51868 0 1 0 0
04C5188C 0 1 0 0
04C518B0 0 1 0 0
04C518D4 0 1 0 0
04C518F8 0 1 0 0
04C5191C 0 1 0 0
04C51940 0 1 0 0
04C51964 0 1 0 0
04C51988 0 1 0 0
04C519AC 0 1 0 0
04C519D0 0 1 0 0
04C519F4 0 1 0 0
04C51A18 0 1 0 0
04C51A3C 0 1 0 0
04C51A60 0 1 0 0
04C51A84 0 1 0 0
04C51AA8 0 1 0 0
04C51ACC 0 1 0 0
04C51AF0 0 1 0 0
04C51B14 0 1 0 0
04C51B38 0 1 0 0
04C51B5C 0 1 0 0
04C51B80 0 1 0 0
04C51BA4 0 1 0 0
04C51BC8 0 1 0 0
04C51BEC 0 1 0 0
04C51C10 0 1 0 0
04C51C34 0 1 0 0
04C51C58 0 1 0 0
04C51C7C 0 1 0 0
04C51CA0 0 1 0 0
04C51CC4 0 1 0 0
04C51CE8 0 1 0 0
04C51D94 0 1 0 0
04C51DB8 0 1 0 0
04C51DDC 0 1 0 0
04C51E00 0 1 0 0
04C51E24 0 1 0 0
04C51E48 0 1 0 0
04C51E6C 0 1 0 0
04C51E90 0 1 0 0
04C51EB4 0 1 0 0
04C51ED8 0 1 0 0
04C51EFC 0 1 0 0
04C51F20 0 1 0 0
04C51F44 0 1 0 0
04C51F68 0 1 0 0
04C51F8C 0 1 0 0
04C51FB0 0 1 0 0
04C51FD4 0 1 0 0
04C51FF8 0 1 0 0
04C5201C 0 1 0 0
04C52040 0 1 0 0
04C52064 0 1 0 0
04C52088 0 1 0 0
04C520AC 0 1 0 0
04C520D0 0 1 0 0
04C520F4 0 1 0 0
04C52118 0 1 0 0
04C5213C 0 1 0 0
04C52160 0 1 0 0
04C52184 0 1 0 0
04C521A8 0 1 0 0
04C521CC 0 1 0 0
04C521F0 0 1 0 0
04C52214 0 1 0 0
04C52238 0 1 0 0
04C5225C 0 1 0 0
04C52280 0 1 0 0
04C522A4 0 1 0 0
04C522C8 0 1 0 0
04C522EC 0 1 0 0
04C52310 0 1 0 0
04C52334 0 1 0 0
04C52358 0 1 0 0
04C5237C 0 1 0 0
04C523A0 0 1 0 0
04C523C4 0 1 0 0
04C523E8 0 1 0 0
04C5240C 0 1 0 0
04C52430 0 1 0 0
04C52454 0 1 0 0
04C52478 0 1 0 0
04C5249C 0 1 0 0
04C524C0 0 1 0 0
04C524E4 0 1 0 0
04C52508 0 1 0 0
04C5252C 0 1 0 0
04C52550 0 1 0 0
04C52574 0 1 0 0
04C52598 0 1 0 0
04C525BC 0 1 0 0
04C525E0 0 1 0 0
04C5268C 0 1 0 0
04C526B0 0 1 0 0
04C526D4 0 1 0 0
04C526F8 0 1 0 0
04C5271C 0 1 0 0
04C52740 0 1 0 0
04C52764 0 1 0 0
04C52788 0 1 0 0
04C527AC 0 1 0 0
04C527D0 0 1 0 0
04C527F4 0 1 0 0
04C52818 0 1 0 0
04C5283C 0 1 0 0
04C52860 0 1 0 0
04C52884 0 1 0 0
04C528A8 0 1 0 0
04C528CC 0 1 0 0
04C528F0 0 1 0 0
04C52914 0 1 0 0
04C52938 0 1 0 0
04C5295C 0 1 0 0
04C52980 0 1 0 0
04C529A4 0 1 0 0
04C529C8 0 1 0 0
04C529EC 0 1 0 0
04C52A10 0 1 0 0
04C52A34 0 1 0 0
04C52A58 0 1 0 0
04C52A7C 0 1 0 0
04C52AA0 0 1 0 0
04C52AC4 0 1 0 0
04C52AE8 0 1 0 0
04C52B0C 0 1 0 0
04C52B30 0 1 0 0
04C52B54 0 1 0 0
04C52B78 0 1 0 0
04C52B9C 0 1 0 0
04C52BC0 0 1 0 0
04C52BE4 0 1 0 0
04C52C08 0 1 0 0
04C52C2C 0 1 0 0
04C52C50 0 1 0 0
04C52C74 0 1 0 0
04C52C98 0 1 0 0
04C52CBC 0 1 0 0
04C52CE0 0 1 0 0
04C52D04 0 1 0 0
04C52D28 0 1 0 0
04C52D4C 0 1 0 0
04C52D70 0 1 0 0
04C52D94 0 1 0 0
04C52DB8 0 1 0 0
04C52DDC 0 1 0 0
04C52E00 0 1 0 0
04C52E24 0 1 0 0
04C52E48 0 1 0 0
04C52E6C 0 1 0 0
04C52E90 0 1 0 0
04C52EB4 0 1 0 0
04C52ED8 0 1 0 0
04C52F84 0 1 0 0
04C52FA8 0 1 0 0
04C52FCC 0 1 0 0
04C52FF0 0 1 0 0
04C53014 0 1 0 0
04C53038 0 1 0 0
04C5305C 0 1 0 0
04C53080 0 1 0 0
04C530A4 0 1 0 0
04C530C8 0 1 0 0
04C530EC 0 1 0 0
04C53110 0 1 0 0
04C53134 0 1 0 0
04C53158 0 1 0 0
04C5317C 0 1 0 0
04C531A0 0 1 0 0
04C531C4 0 1 0 0
04C531E8 0 1 0 0
04C5320C 0 1 0 0
04C53230 0 1 0 0
04C53254 0 1 0 0
04C53278 0 1 0 0
04C5329C 0 1 0 0
04C532C0 0 1 0 0
04C532E4 0 1 0 0
04C53308 0 1 0 0
04C5332C 0 1 0 0
04C53350 0 1 0 0
04C53374 0 1 0 0
04C53398 0 1 0 0
04C533BC 0 1 0 0
04C533E0 0 1 0 0
04C53404 0 1 0 0
04C53428 0 1 0 0
04C5344C 0 1 0 0
04C53470 0 1 0 0
04C53494 0 1 0 0
04C534B8 0 1 0 0
04C534DC 0 1 0 0
04C53500 0 1 0 0
04C53524 0 1 0 0
04C53548 0 1 0 0
04C5356C 0 1 0 0
04C53590 0 1 0 0
04C535B4 0 1 0 0
04C535D8 0 1 0 0
04C535FC 0 1 0 0
04C53620 0 1 0 0
04C53644 0 1 0 0
04C53668 0 1 0 0
04C5368C 0 1 0 0
04C536B0 0 1 0 0
04C536D4 0 1 0 0
04C536F8 0 1 0 0
04C5371C 0 1 0 0
04C53740 0 1 0 0
04C53764 0 1 0 0
04C53788 0 1 0 0
04C537AC 0 1 0 0
04C537D0 0 1 0 0
04C5387C 0 1 0 0
04C538A0 0 1 0 0
04C538C4 0 1 0 0
04C538E8 0 1 0 0
04C5390C 0 1 0 0
04C53930 0 1 0 0
04C53954 0 1 0 0
04C53978 0 1 0 0
04C5399C 0 1 0 0
04C539C0 0 1 0 0
04C539E4 0 1 0 0
04C53A08 0 1 0 0
04C53A2C 0 1 0 0
04C53A50 0 1 0 0
04C53A74 0 1 0 0
04C53A98 0 1 0 0
04C53ABC 0 1 0 0
04C53AE0 0 1 0 0
04C53B04 0 1 0 0
04C53B28 0 1 0 0
04C53B4C 0 1 0 0
04C53B70 0 1 0 0
04C53B94 0 1 0 0
04C53BB8 0 1 0 0
04C53BDC 0 1 0 0
04C53C00 0 1 0 0
04C53C24 0 1 0 0
04C53C48 0 1 0 0
04C53C6C 0 1 0 0
04C53C90 0 1 0 0
04C53CB4 0 1 0 0
04C53CD8 0 1 0 0
04C53CFC 0 1 0 0
04C53D20 0 1 0 0
04C53D44 0 1 0 0
04C53D68 0 1 0 0
04C53D8C 0 1 0 0
04C53DB0 0 1 0 0
04C53DD4 0 1 0 0
04C53DF8 0 1 0 0
04C53E1C 0 1 0 0
04C53E40 0 1 0 0
04C53E64 0 1 0 0
04C53E88 0 1 0 0
04C53EAC 0 1 0 0
04C53ED0 0 1 0 0
04C53EF4 0 1 0 0
04C53F18 0 1 0 0
04C53F3C 0 1 0 0
04C53F60 0 1 0 0
04C53F84 0 1 0 0
04C53FA8 0 1 0 0
04C53FCC 0 1 0 0
04C53FF0 0 1 0 0
04C54014 0 1 0 0
04C54038 0 1 0 0
04C5405C 0 1 0 0
04C54080 0 1 0 0
04C540A4 0 1 0 0
04C540C8 0 1 0 0
04C54174 0 1 0 0
04C54198 0 1 0 0
04C541BC 0 1 0 0
04C541E0 0 1 0 0
04C54204 0 1 0 0
04C54228 0 1 0 0
04C5424C 0 1 0 0
04C54270 0 1 0 0
04C54294 0 1 0 0
04C542B8 0 1 0 0
04C542DC 0 1 0 0
04C54300 0 1 0 0
04C54324 0 1 0 0
04C54348 0 1 0 0
04C5436C 0 1 0 0
04C54390 0 1 0 0
04C543B4 0 1 0 0
04C543D8 0 1 0 0
04C543FC 0 1 0 0
04C54420 0 1 0 0
04C54444 0 1 0 0
04C54468 0 1 0 0
04C5448C 0 1 0 0
04C544B0 0 1 0 0
04C544D4 0 1 0 0
04C544F8 0 1 0 0
04C5451C 0 1 0 0
04C54540 0 1 0 0
04C54564 0 1 0 0
04C54588 0 1 0 0
04C545AC 0 1 0 0
04C545D0 0 1 0 0
04C545F4 0 1 0 0
04C54618 0 1 0 0
04C5463C 0 1 0 0
04C54660 0 1 0 0
04C54684 0 1 0 0
04C546A8 0 1 0 0
04C546CC 0 1 0 0
04C546F0 0 1 0 0
04C54714 0 1 0 0
04C54738 0 1 0 0
04C5475C 0 1 0 0
04C54780 0 1 0 0
04C547A4 0 1 0 0
04C547C8 0 1 0 0
04C547EC 0 1 0 0
04C54810 0 1 0 0
04C54834 0 1 0 0
04C54858 0 1 0 0
04C5487C 0 1 0 0
04C548A0 0 1 0 0
04C548C4 0 1 0 0
04C548E8 0 1 0 0
04C5490C 0 1 0 0
04C54930 0 1 0 0
04C54954 0 1 0 0
04C54978 0 1 0 0
04C5499C 0 1 0 0
04C549C0 0 1 0 0
04C54A6C 0 1 0 0
04C54A90 0 1 0 0
04C54AB4 0 1 0 0
04C54AD8 0 1 0 0
04C54AFC 0 1 0 0
04C54B20 0 1 0 0
04C54B44 0 1 0 0
04C54B68 0 1 0 0
04C54B8C 0 1 0 0
04C54BB0 0 1 0 0
04C54BD4 0 1 0 0
04C54BF8 0 1 0 0
04C54C1C 0 1 0 0
04C54C40 0 1 0 0
04C54C64 0 1 0 0
04C54C88 0 1 0 0
04C54CAC 0 1 0 0
04C54CD0 0 1 0 0
04C54CF4 0 1 0 0
04C54D18 0 1 0 0
04C54D3C 0 1 0 0
04C54D60 0 1 0 0
04C54D84 0 1 0 0
04C54DA8 0 1 0 0
04C54DCC 0 1 0 0
04C54DF0 0 1 0 0
04C54E14 0 1 0 0
04C54E38 0 1 0 0
04C54E5C 0 1 0 0
04C54E80 0 1 0 0
04C54EA4 0 1 0 0
04C54EC8 0 1 0 0
04C54EEC 0 1 0 0
04C54F10 0 1 0 0
04C54F34 0 1 0 0
04C54F58 0 1 0 0
04C54F7C 0 1 0 0
04C54FA0 0 1 0 0
04C54FC4 0 1 0 0
04C54FE8 0 1 0 0
04C5500C 0 1 0 0
04C55030 0 1 0 0
04C55054 0 1 0 0
04C55078 0 1 0 0
04C5509C 0 1 0 0
04C550C0 0 1 0 0
04C550E4 0 1 0 0
04C55108 0 1 0 0
04C5512C 0 1 0 0
04C55150 0 1 0 0
04C55174 0 1 0 0
04C55198 0 1 0 0
04C551BC 0 1 0 0
04C551E0 0 1 0 0
04C55204 0 1 0 0
04C55228 0 1 0 0
04C5524C 0 1 0 0
04C55270 0 1 0 0
04C55294 0 1 0 0
04C552B8 0 1 0 0
04C55364 0 1 0 0
04C55388 0 1 0 0
04C553AC 0 1 0 0
04C553D0 0 1 0 0
04C553F4 0 1 0 0
04C55418 0 1 0 0
04C5543C 0 1 0 0
04C55460 0 1 0 0
04C55484 0 1 0 0
04C554A8 0 1 0 0
04C554CC 0 1 0 0
04C554F0 0 1 0 0
04C55514 0 1 0 0
04C55538 0 1 0 0
04C5555C 0 1 0 0
04C55580 0 1 0 0
04C555A4 0 1 0 0
04C555C8 0 1 0 0
04C555EC 0 1 0 0
04C55610 0 1 0 0
04C55634 0 1 0 0
04C55658 0 1 0 0
04C5567C 0 1 0 0
04C556A0 0 1 0 0
04C556C4 0 1 0 0
04C556E8 0 1 0 0
04C5570C 0 1 0 0
04C55730 0 1 0 0
04C55754 0 1 0 0
04C55778 0 1 0 0
04C5579C 0 1 0 0
04C557C0 0 1 0 0
04C557E4 0 1 0 0
04C55808 0 1 0 0
04C5582C 0 1 0 0
04C55850 0 1 0 0
04C55874 0 1 0 0
04C55898 0 1 0 0
04C558BC 0 1 0 0
04C558E0 0 1 0 0
04C55904 0 1 0 0
04C55928 0 1 0 0
04C5594C 0 1 0 0
04C55970 0 1 0 0
04C55994 0 1 0 0
04C559B8 0 1 0 0
04C559DC 0 1 0 0
04C55A00 0 1 0 0
04C55A24 0 1 0 0
04C55A48 0 1 0 0
04C55A6C 0 1 0 0
04C55A90 0 1 0 0
04C55AB4 0 1 0 0
04C55AD8 0 1 0 0
04C55AFC 0 1 0 0
04C55B20 0 1 0 0
04C55B44 0 1 0 0
04C55B68 0 1 0 0
04C55B8C 0 1 0 0
04C55BB0 0 1 0 0
04C55C5C 0 1 0 0
04C55C80 0 1 0 0
04C55CA4 0 1 0 0
04C55CC8 0 1 0 0
04C55CEC 0 1 0 0
04C55D10 0 1 0 0
04C55D34 0 1 0 0
04C55D58 0 1 0 0
04C55D7C 0 1 0 0
04C55DA0 0 1 0 0
04C55DC4 0 1 0 0
04C55DE8 0 1 0 0
04C55E0C 0 1 0 0
04C55E30 0 1 0 0
04C55E54 0 1 0 0
04C55E78 0 1 0 0
04C55E9C 0 1 0 0
04C55EC0 0 1 0 0
04C55EE4 0 1 0 0
04C55F08 0 1 0 0
04C55F2C 0 1 0 0
04C55F50 0 1 0 0
04C55F74 0 1 0 0
04C55F98 0 1 0 0
04C55FBC 0 1 0 0
04C55FE0 0 1 0 0
04C56004 0 1 0 0
04C56028 0 1 0 0
04C5604C 0 1 0 0
04C56070 0 1 0 0
04C56094 0 1 0 0
04C560B8 0 1 0 0
04C560DC 0 1 0 0
04C56100 0 1 0 0
04C56124 0 1 0 0
04C56148 0 1 0 0
04C5616C 0 1 0 0
04C56190 0 1 0 0
04C561B4 0 1 0 0
04C561D8 0 1 0 0
04C561FC 0 1 0 0
04C56220 0 1 0 0
04C56244 0 1 0 0
04C56268 0 1 0 0
04C5628C 0 1 0 0
04C562B0 0 1 0 0
04C562D4 0 1 0 0
04C562F8 0 1 0 0
04C5631C 0 1 0 0
04C56340 0 1 0 0
04C56364 0 1 0 0
04C56388 0 1 0 0
04C563AC 0 1 0 0
04C563D0 0 1 0 0
04C563F4 0 1 0 0
04C56418 0 1 0 0
04C5643C 0 1 0 0
04C56460 0 1 0 0
04C56484 0 1 0 0
04C564A8 0 1 0 0
04C56554 0 1 0 0
04C56578 0 1 0 0
04C5659C 0 1 0 0
04C565C0 0 1 0 0
04C565E4 0 1 0 0
04C56608 0 1 0 0
04C5662C 0 1 0 0
04C56650 0 1 0 0
04C56674 0 1 0 0
04C56698 0 1 0 0
04C566BC 0 1 0 0
04C566E0 0 1 0 0
04C56704 0 1 0 0
04C56728 0 1 0 0
04C5674C 0 1 0 0
04C56770 0 1 0 0
04C56794 0 1 0 0
04C567B8 0 1 0 0
04C567DC 0 1 0 0
04C56800 0 1 0 0
04C56824 0 1 0 0
04C56848 0 1 0 0
04C5686C 0 1 0 0
04C56890 0 1 0 0
04C568B4 0 1 0 0
04C568D8 0 1 0 0
04C568FC 0 1 0 0
04C56920 0 1 0 0
04C56944 0 1 0 0
04C56968 0 1 0 0
04C5698C 0 1 0 0
04C569B0 0 1 0 0
04C569D4 0 1 0 0
04C569F8 0 1 0 0
04C56A1C 0 1 0 0
04C56A40 0 1 0 0
04C56A64 0 1 0 0
04C56A88 0 1 0 0
04C56AAC 0 1 0 0
04C56AD0 0 1 0 0
04C56AF4 0 1 0 0
04C56B18 0 1 0 0
04C56B3C 0 1 0 0
04C56B60 0 1 0 0
04C56B84 0 1 0 0
04C56BA8 0 1 0 0
04C56BCC 0 1 0 0
04C56BF0 0 1 0 0
04C56C14 0 1 0 0
04C56C38 0 1 0 0
04C56C5C 0 1 0 0
04C56C80 0 1 0 0
04C56CA4 0 1 0 0
04C56CC8 0 1 0 0
04C56CEC 0 1 0 0
04C56D10 0 1 0 0
04C56D34 0 1 0 0
04C56D58 0 1 0 0
04C56D7C 0 1 0 0
04C56DA0 0 1 0 0
0
